decyear,B-ISMF-bug_T_z20,B-ISMF-bug_S_z20
10.0,-1.6786973731857415,34.40427754682791
10.083333333333334,-1.6338608465121187,34.400795534751694
10.166666666666666,-1.4894166715292525,34.40007092531756
10.25,-1.3182045386472327,34.40325367850565
10.333333333333334,-1.1564778289669289,34.40392851179463
10.416666666666666,-0.9893925469293106,34.40427624994019
10.5,-0.8565397126782754,34.40453434952453
10.583333333333334,-0.8428619146698761,34.403304165265446
10.666666666666666,-0.9030402065489559,34.39972470865817
10.75,-0.9754842000438336,34.394515219155366
10.833333333333334,-1.1369669597126462,34.38833199108794
10.916666666666666,-1.2178782178150123,34.38538740985262
11.0,-1.2503985055486249,34.38367724047531
11.083333333333334,-1.2717698517756748,34.38219020448915
11.166666666666666,-1.2195813032160525,34.38335176939773
11.25,-1.1836426113754186,34.38536970731407
11.333333333333334,-1.070568122404257,34.38992887898057
11.416666666666666,-0.8931829143549626,34.39687157235495
11.5,-0.6889656511693695,34.40745006331114
11.583333333333334,-0.639360885171076,34.41838912792304
11.666666666666666,-0.5973040620181121,34.428824228427594
11.75,-0.7104103617680392,34.42919519217961
11.833333333333334,-1.0564073959290117,34.42045913607756
11.916666666666666,-1.2157594324222214,34.415132862482544
12.0,-1.26884823548306,34.409856436159366
12.083333333333334,-1.248536762101666,34.404457863992896
12.166666666666666,-1.2506485030161174,34.398280743662724
12.25,-1.2722802178184034,34.39358310101952
12.333333333333334,-1.3165774740799616,34.3928063447937
12.416666666666666,-1.261782506717872,34.38840281853844
12.5,-1.2138834784636667,34.38590705499076
12.583333333333334,-1.1669446848078588,34.38339563063066
12.666666666666666,-1.1845776357657671,34.37945017693466
12.75,-1.2145372286185039,34.37489869346185
12.833333333333334,-1.2232077608780283,34.37071429667589
12.916666666666666,-1.2316365387433204,34.369409908060184
13.0,-1.207152237552022,34.368441318490554
13.083333333333334,-1.1581473708201226,34.366556725888785
13.166666666666666,-1.1122455290166162,34.366466031488834
13.25,-1.0447747312164783,34.36814130328148
13.333333333333334,-0.9929080721203571,34.37000519038545
13.416666666666666,-0.9538631283760406,34.37023097328588
13.5,-0.9013711986847088,34.37223332542744
13.583333333333334,-0.8469597651129452,34.371561240206574
13.666666666666666,-1.0298026842814916,34.36539632476043
13.75,-1.2973389491672822,34.358716502561066
13.833333333333334,-1.40120258011108,34.354456854008355
13.916666666666666,-1.4476967788477673,34.351108741273
14.0,-1.4720786710967502,34.347120488759245
14.083333333333334,-1.4857151356394727,34.343231584931694
14.166666666666666,-1.456980742402367,34.341109075295385
14.25,-1.4420010236407457,34.339715205580404
14.333333333333334,-1.3811453179111994,34.34001748476114
14.416666666666666,-1.2856505600632924,34.342393883302435
14.5,-1.1268878006558614,34.348209266542426
14.583333333333334,-0.8900233206086492,34.35806832710782
14.666666666666666,-0.7726737193670032,34.36596813677276
14.75,-0.7571798916889168,34.369420906460775
14.833333333333334,-0.8450157303100879,34.36162644990184
14.916666666666666,-1.0358136228073065,34.35322192584505
15.0,-1.1349392960110205,34.348909920809355
15.083333333333334,-1.167320288412785,34.3455464777705
15.166666666666666,-1.1233363919269748,34.341550295124854
15.25,-1.091838537213397,34.33749395537565
15.333333333333334,-1.1907961590183833,34.33293064571254
15.416666666666666,-1.1464407959407104,34.33334069413158
15.5,-1.0893272562695608,34.33369414964629
15.583333333333334,-1.025855613279333,34.334584310751275
15.666666666666666,-0.9643967974827176,34.33301717024359
15.75,-1.0364595683393831,34.32798236963918
15.833333333333334,-1.1120157723732056,34.32319973176319
15.916666666666666,-1.1859486604661496,34.31855399290802
16.0,-1.2354762688618355,34.31558471184816
16.083333333333332,-1.236872384558256,34.31353753814812
16.166666666666668,-1.231481163601729,34.31292605771861
16.25,-1.1946640315367572,34.31503300207807
16.333333333333332,-1.1387864361726139,34.31824862595866
16.416666666666668,-1.0964333025490065,34.319958161179294
16.5,-0.974037176043813,34.32086082928162
16.583333333333332,-0.9119555258943548,34.32176130592677
16.666666666666668,-0.9947578926861875,34.3200339891543
16.75,-1.1271922812295083,34.31939541893885
16.833333333333332,-1.1779662952437755,34.32027928887555
16.916666666666668,-1.2301458824613756,34.31995870274566
17.0,-1.255494793162696,34.319128239284744
17.083333333333332,-1.263502407310467,34.31737184708435
17.166666666666668,-1.2428705454084157,34.31723137075713
17.25,-1.1640010675202377,34.31857225879139
17.333333333333332,-1.159036614587351,34.31837501535622
17.416666666666668,-1.1166443580730112,34.31991899056308
17.5,-1.0114733014570807,34.32356632205528
17.583333333333332,-0.8548613928249745,34.32957346593553
17.666666666666668,-0.7054188477939103,34.33640947493428
17.75,-0.7247456758413383,34.33923374922922
17.833333333333332,-0.7203790151006622,34.341587470035435
17.916666666666668,-0.7964043921785894,34.34008342928916
18.0,-0.8283727346936809,34.3388561987456
18.083333333333332,-0.869807063862306,34.33621270565019
18.166666666666668,-0.8648077647853211,34.33538631996223
18.25,-0.7901009712621764,34.33741927553068
18.333333333333332,-0.6883194540070052,34.34045929202331
18.416666666666668,-0.6735287387540219,34.34071514016989
18.5,-0.4912758452022311,34.34716257289833
18.583333333333332,-0.36651954072987875,34.357175660602884
18.666666666666668,-0.4140730466115967,34.35985065376037
18.75,-0.45276652362925435,34.363102421234714
18.833333333333332,-0.5253315131579849,34.3622524555304
18.916666666666668,-0.5720072403050434,34.360800324649794
19.0,-0.5524278897815033,34.35942830053439
19.083333333333332,-0.5349543561888245,34.35743024614295
19.166666666666668,-0.5149878496453266,34.35508124413424
19.25,-0.5038477428585555,34.353477780697034
19.333333333333332,-0.4485633216227397,34.351937671117376
19.416666666666668,-0.3539685240542738,34.351396188165076
19.5,-0.24664109806223064,34.35172679068857
19.583333333333332,-0.18838195409196581,34.35136539361519
19.666666666666668,-0.37892111484938007,34.343397510083676
19.75,-0.4453509086857203,34.339655802798184
19.833333333333332,-0.574539672776969,34.334079691782264
19.916666666666668,-0.6557623562165118,34.331353400522424
20.0,-0.7113551140097306,34.32867828038706
20.083333333333332,-0.7699258962848644,34.325452730702814
20.166666666666668,-0.7783898253662633,34.32326138592248
20.25,-0.7637310493550044,34.32259459156517
20.333333333333332,-0.6943508752879088,34.3239713301067
20.416666666666668,-0.635441052889859,34.32552930670607
20.5,-0.535359000236512,34.32848813208512
20.583333333333332,-0.6171129768340718,34.32501715393231
20.666666666666668,-0.6421543101352087,34.32350068581411
20.75,-0.6729133656857066,34.32197973678153
20.833333333333332,-0.6818590811957833,34.321331923923175
20.916666666666668,-0.753273013103364,34.31854569977589
21.0,-0.8438687482731321,34.31544126429396
21.083333333333332,-0.9110897340762915,34.31304758243935
21.166666666666668,-0.9360430712072957,34.312104734230445
21.25,-0.9830051430863793,34.312880223543715
21.333333333333332,-0.9060731319220435,34.31747863435444
21.416666666666668,-0.8548030339403133,34.31996864148734
21.5,-0.8126264811425564,34.32046535183886
21.583333333333332,-0.7830665701672871,34.32118176561915
21.666666666666668,-0.6868532068735178,34.32536990373649
21.75,-0.5651662654938249,34.333634811350585
21.833333333333332,-0.546374103714881,34.33774607799042
21.916666666666668,-0.527943271980924,34.34040846054129
22.0,-0.5304671071169914,34.3406049523551
22.083333333333332,-0.54017741947324,34.340372133208994
22.166666666666668,-0.4894405091477873,34.342010678223794
22.25,-0.46669577527384276,34.342544912831336
22.333333333333332,-0.4771757459472423,34.34233200962467
22.416666666666668,-0.47093836720731097,34.34308987231002
22.5,-0.5297410955722357,34.34258653655941
22.583333333333332,-0.640125482969719,34.34057379694208
22.666666666666668,-0.7472352278737929,34.3384819898377
22.75,-0.8370324624835954,34.3359327596696
22.833333333333332,-0.8998744030415968,34.33249536133104
22.916666666666668,-0.9756939726462077,34.32859280949255
23.0,-1.0207411725611824,34.325698322688886
23.083333333333332,-1.0382764068382695,34.322547929336245
23.166666666666668,-1.0916460506915113,34.316293399434194
23.25,-1.1906311906241176,34.31147124924699
23.333333333333332,-1.248801781990494,34.30940583096177
23.416666666666668,-1.2864323374097695,34.30614910939187
23.5,-1.322896031655828,34.305421404392604
23.583333333333332,-1.3549654028328133,34.3041377895217
23.666666666666668,-1.459778011714323,34.30221856303164
23.75,-1.5750529012553494,34.303939282277696
23.833333333333332,-1.6583467308331743,34.30153636173036
23.916666666666668,-1.707765317660788,34.300573243486404
24.0,-1.749434843044128,34.299149039663455
24.083333333333332,-1.7975580596361165,34.29419854240992
24.166666666666668,-1.8415915212622158,34.288659906231864
24.25,-1.8718681207845602,34.28040388655153
24.333333333333332,-1.8831440648028912,34.277846636315246
24.416666666666668,-1.8990902008968442,34.27434159980282
24.5,-1.9008807817519897,34.27396192838267
24.583333333333332,-1.9046342307011417,34.27785305779778
24.666666666666668,-1.9162086178426916,34.28309880209382
24.75,-1.9308495622273183,34.28165017709482
24.833333333333332,-1.9477733043803223,34.27919089876682
24.916666666666668,-1.962732221340996,34.281719214619315
25.0,-1.9597058459806467,34.28377546182578
25.083333333333332,-1.955569513850922,34.28181778113893
25.166666666666668,-1.954005953129127,34.27853399756752
25.25,-1.9535302192307002,34.27405905109962
25.333333333333332,-1.949248299833651,34.275734528929206
25.416666666666668,-1.9450953172002738,34.27253382337831
25.5,-1.9403036144589871,34.26625112501712
25.583333333333332,-1.9321627930894547,34.259674678417134
25.666666666666668,-1.9335855377093494,34.25777283964732
25.75,-1.940749509036441,34.257801413846025
25.833333333333332,-1.940742227894991,34.25955014352655
25.916666666666668,-1.933595216790913,34.26338772695746
26.0,-1.9299495840300778,34.26448636439193
26.083333333333332,-1.933297423916494,34.26631747527003
26.166666666666668,-1.936007358724652,34.263269917473664
26.25,-1.9388939115424118,34.26125273746661
26.333333333333332,-1.9459966457771998,34.2620618668516
26.416666666666668,-1.9546039137084685,34.259670128610864
26.5,-1.957496193700627,34.25815142309849
26.583333333333332,-1.9481143372484913,34.25312362478216
26.666666666666668,-1.9236793441216393,34.241692266309734
26.75,-1.9270811772056726,34.241763994018726
26.833333333333332,-1.926113387477239,34.24309596519285
26.916666666666668,-1.9335265703922662,34.24459491762207
27.0,-1.9466166860457814,34.245230329672026
27.083333333333332,-1.95365973357154,34.244621162088045
27.166666666666668,-1.9621201578075045,34.24163866566051
27.25,-1.9734513235361175,34.241267912506856
27.333333333333332,-1.9771504956747494,34.24173496437946
27.416666666666668,-1.902533587669688,34.240474505613776
27.5,-1.7711965284613558,34.24680101778384
27.583333333333332,-1.7510113563283964,34.255141075974095
27.666666666666668,-1.7882665414585255,34.26115840500476
27.75,-1.8128781244521617,34.26327117912073
27.833333333333332,-1.8807768367263824,34.2643781306745
27.916666666666668,-1.924680564962136,34.26570542155558
28.0,-1.94527842750339,34.26647478109736
28.083333333333332,-1.9557506842504526,34.262634715921635
28.166666666666668,-1.967255122157994,34.2545236750086
28.25,-1.9762652058036463,34.247513111082135
28.333333333333332,-1.9804747371066032,34.244230310151224
28.416666666666668,-1.9819970712423902,34.24049909621921
28.5,-1.9807677781296937,34.242357892564065
28.583333333333332,-1.9606514577442828,34.24405978828924
28.666666666666668,-1.9471416672841584,34.24146382446834
28.75,-1.954713365213976,34.246208352734705
28.833333333333332,-1.9802354775191977,34.24592932872459
28.916666666666668,-1.9999869712693645,34.25050021766937
29.0,-2.004194366299487,34.25225365930202
29.083333333333332,-2.0020049444682666,34.25068534063957
29.166666666666668,-2.004540797680377,34.24493064635394
29.25,-2.0068108007201677,34.24327757851164
29.333333333333332,-2.007747182478152,34.24422221899969
29.416666666666668,-2.0057739758387925,34.246850798908014
29.5,-2.002669821227681,34.250791060854816
29.583333333333332,-2.004026383662828,34.247187178423815
29.666666666666668,-2.012817769277946,34.245128778340245
29.75,-2.0235765433740553,34.2441325430659
29.833333333333332,-2.032289959131867,34.24494842612011
29.916666666666668,-2.0403319945624108,34.24789574059947
30.0,-2.051363609321456,34.24801260797124
30.083333333333332,-2.0493077066661756,34.24672218007335
30.166666666666668,-2.039856265640822,34.242870401937026
30.25,-2.028001866881616,34.238053037403
30.333333333333332,-2.008773727137904,34.23024049173065
30.416666666666668,-1.9920925608656042,34.224277728477006
30.5,-1.9805022934712457,34.22165655088704
30.583333333333332,-1.9899375250152451,34.22524281048819
30.666666666666668,-1.989044643848699,34.22267740689309
30.75,-1.9851259236027154,34.21732021873919
30.833333333333332,-1.982653220955834,34.213634570400245
30.916666666666668,-1.9826903181985656,34.21372737708096
31.0,-1.9824140183411623,34.21292771553554
31.083333333333332,-1.98084032402907,34.210342992397216
31.166666666666668,-1.9776369281335358,34.20611856862576
31.25,-1.9732399182509792,34.20536269967104
31.333333333333332,-1.974365828078666,34.20565406143271
31.416666666666668,-1.9765573451703802,34.20360463814822
31.5,-1.9624877502484763,34.19857962036976
31.583333333333332,-1.9393721595885323,34.199375711074026
31.666666666666668,-1.9231700288493319,34.20320686423914
31.75,-1.9247738586418184,34.20582537771806
31.833333333333332,-1.9340809187479193,34.20744477847854
31.916666666666668,-1.945488336542295,34.21044783173443
32.0,-1.9555932328492809,34.21293733981544
32.083333333333336,-1.9573555821557795,34.21040919728194
32.166666666666664,-1.961554683589984,34.20736710104474
32.25,-1.968832649160929,34.20562367890274
32.333333333333336,-1.9701541499921291,34.205849186182924
32.416666666666664,-1.964703334706976,34.20835608104778
32.5,-1.9135828626162381,34.21175042373264
32.583333333333336,-1.7850228598861173,34.2217305974651
32.666666666666664,-1.6313026018109988,34.229406327417344
32.75,-1.5855928085657807,34.22891334229101
32.833333333333336,-1.695937508666068,34.230229231842266
32.916666666666664,-1.7722331396429387,34.23339350076742
33.0,-1.823258202837066,34.23480157625596
33.083333333333336,-1.8640194847948972,34.232949401487815
33.166666666666664,-1.9142011322449954,34.22562083251369
33.25,-1.936740409544903,34.21944278976659
33.333333333333336,-1.9482213609083976,34.219706461147375
33.416666666666664,-1.9552556762352973,34.21695524625516
33.5,-1.9556500652186075,34.20740240124352
33.583333333333336,-1.9514275465098736,34.19541352749471
33.666666666666664,-1.9530578591606762,34.1894255319816
33.75,-1.955460658489009,34.18569407648324
33.833333333333336,-1.961752598367728,34.18664426810177
33.916666666666664,-1.9706256423616666,34.186853578147506
34.0,-1.9771093508357613,34.18581052449581
34.083333333333336,-1.9797913349910616,34.18425717178051
34.166666666666664,-1.9727189499073388,34.18484349521698
34.25,-1.9595196234901606,34.18625083342189
34.333333333333336,-1.9628952099367343,34.18142453316824
34.416666666666664,-1.903032774133091,34.17728455008751
34.5,-1.7354913258641131,34.18251510064924
34.583333333333336,-1.516928455374532,34.19167701022017
34.666666666666664,-1.4329853510563415,34.196262672444085
34.75,-1.5411908274697128,34.1961235036495
34.833333333333336,-1.6481324055590876,34.19504250113703
34.916666666666664,-1.699145601630615,34.192762375058976
35.0,-1.7311343708804963,34.19148980855976
35.083333333333336,-1.7617710949758385,34.189748517735154
35.166666666666664,-1.7847721622014614,34.18711327061247
35.25,-1.799809724105666,34.185131794530236
35.333333333333336,-1.807722471377301,34.184042938532336
35.416666666666664,-1.793225497022725,34.18547219137102
35.5,-1.7677840474830153,34.18781966642962
35.583333333333336,-1.7542759365377063,34.1885485602718
35.666666666666664,-1.7364319928710592,34.19107506511469
35.75,-1.7201656486613779,34.194849097215155
35.833333333333336,-1.6934151808555347,34.19587375981523
35.916666666666664,-1.7110335772901524,34.19604408561283
36.0,-1.7349864759365514,34.19537023429741
36.083333333333336,-1.7641047149999851,34.19295504690336
36.166666666666664,-1.8158132443702317,34.18720862207236
36.25,-1.8506277313720867,34.180099974233585
36.333333333333336,-1.8475532791600204,34.17488667614375
36.416666666666664,-1.69295656104568,34.178966711888854
36.5,-1.4628384501963363,34.18790235841182
36.583333333333336,-1.6195616171637508,34.18815908903007
36.666666666666664,-1.7393619176515351,34.19624376687996
36.75,-1.8399513871687578,34.19928937163686
36.833333333333336,-1.9225975928803924,34.19963020661153
36.916666666666664,-1.9827480187000757,34.19909403504865
37.0,-2.0198354748746636,34.19608541984713
37.083333333333336,-2.0386891314581517,34.18772956089793
37.166666666666664,-2.043638354223796,34.179901799679996
37.25,-2.045098583143569,34.17118563937428
37.333333333333336,-2.04201345658082,34.16540514421987
37.416666666666664,-2.035053742415745,34.160282129599345
37.5,-2.02278730644555,34.158492051348574
37.583333333333336,-2.0071760202522797,34.1543632682635
37.666666666666664,-1.9988213471641119,34.15310883895662
37.75,-2.0004787529497237,34.156594174637284
37.833333333333336,-2.013532302013196,34.162799219895994
37.916666666666664,-2.0166235502092777,34.16679808290385
38.0,-2.0166941699852132,34.16554651797662
38.083333333333336,-2.0169648953650983,34.159889437629126
38.166666666666664,-2.018475266855592,34.15255793989591
38.25,-2.019227832665455,34.150972461227155
38.333333333333336,-2.0201970870783543,34.151089809997984
38.416666666666664,-2.0191464137258794,34.14965584617575
38.5,-2.0037823779593356,34.15047400429762
38.583333333333336,-1.9482719860921083,34.15272342596045
38.666666666666664,-1.8930589088263767,34.15263638136647
38.75,-1.856958030399255,34.15318358239803
38.833333333333336,-1.8421556128121181,34.15321667375565
38.916666666666664,-1.8702679653900147,34.15159284370283
39.0,-1.8978092212459543,34.150581183280025
39.083333333333336,-1.9138763717766212,34.14721016383847
39.166666666666664,-1.9266674230265168,34.14457617437612
39.25,-1.9405406601985884,34.141766103815606
39.333333333333336,-1.9503631191137403,34.14096297856941
39.416666666666664,-1.9581897610230288,34.1418158557213
39.5,-1.9692959703124953,34.14295200323123
39.583333333333336,-1.9755469453116177,34.14293512598124
39.666666666666664,-1.9809894616490953,34.14350298368537
39.75,-1.989282399927949,34.14277976739286
39.833333333333336,-1.9928887468924017,34.143078810793085
39.916666666666664,-1.9945130646676958,34.14439511157075
40.0,-1.9937826918256805,34.14476933517598
40.083333333333336,-1.9962210512989949,34.14398637379289
40.166666666666664,-1.9981174648142193,34.14458868826137
40.25,-1.999544951204628,34.14506668729999
40.333333333333336,-2.0015030102338205,34.14610590461023
40.416666666666664,-2.0046164620900018,34.14841351548822
40.5,-2.008138720329509,34.15302559677153
40.583333333333336,-2.0055075091711436,34.152987946112376
40.666666666666664,-2.000781928942737,34.151077778720044
40.75,-1.9964463816987528,34.14440864271875
40.833333333333336,-1.9958874812554692,34.14361920260037
40.916666666666664,-1.9964291788265898,34.14322683438428
41.0,-1.9971021018353121,34.142058458238154
41.083333333333336,-1.9978636931785496,34.14169840763963
41.166666666666664,-1.9946687112402222,34.14249569100564
41.25,-1.983025491446385,34.14422913643268
41.333333333333336,-1.9921153655443316,34.14097989551389
41.416666666666664,-2.016647041116132,34.137708013614656
41.5,-2.0120829911259537,34.13521352494383
41.583333333333336,-1.9887207759384626,34.133881175884916
41.666666666666664,-1.9746275090188734,34.13149654856879
41.75,-1.9620221369115922,34.13187623747413
41.833333333333336,-1.8035795215475183,34.14257679353719
41.916666666666664,-1.1822210155874815,34.18936748604716
42.0,0.07556902593859081,34.2874393234611
42.083333333333336,0.9410018399980118,34.36012961436887
42.166666666666664,1.5159757733924317,34.41385073873356
42.25,1.6831339788715765,34.447806863595815
42.333333333333336,1.6587512599140577,34.448584147278815
42.416666666666664,1.5790911264468517,34.43992399074354
42.5,1.4508662110514594,34.42255467650963
42.583333333333336,1.3775703628907952,34.41320356395807
42.666666666666664,1.326257722051833,34.39724600522488
42.75,1.2807243855883126,34.38816987709188
42.833333333333336,1.235802161324292,34.381512142538426
42.916666666666664,1.1530660229394596,34.378300561866354
43.0,1.265307486061425,34.395652407084974
43.083333333333336,1.6210683039406821,34.43451270816055
43.166666666666664,1.6995895722072063,34.44942949649827
43.25,1.6323611110602914,34.4465396588708
43.333333333333336,1.5592897625137767,34.440726515003014
43.416666666666664,1.5090532267231873,34.434410071311646
43.5,1.4204708395983523,34.42165167205257
43.583333333333336,1.3574170086764055,34.412420260900184
43.666666666666664,1.3521899445934795,34.40905855474997
43.75,1.340374198729353,34.406400458912024
43.833333333333336,1.3250417551132732,34.40408144218734
43.916666666666664,1.30230850362451,34.401023639763686
44.0,1.2720505265355404,34.39720118261733
44.083333333333336,1.2505776043401202,34.39468571040965
44.166666666666664,1.2137274163171141,34.38810427842288
44.25,1.1706340626785003,34.382443073235976
44.333333333333336,1.1624979724084221,34.38391679995464
44.416666666666664,1.1368570281062682,34.38143306519734
44.5,1.103788182062201,34.37749261169092
44.583333333333336,1.0683885066824843,34.372202644648794
44.666666666666664,1.0335544199348308,34.36779877535464
44.75,0.9933586510994595,34.362052108556256
44.833333333333336,0.9516810045706349,34.353772141032834
44.916666666666664,0.9026105389682418,34.34657998353958
45.0,0.827934653338648,34.33967205129296
45.083333333333336,0.7674455434352913,34.33557710932176
45.166666666666664,0.7737902430343927,34.336660376610794
45.25,0.8546662806298051,34.345259747382876
45.333333333333336,0.8710875796237068,34.345055566467835
45.416666666666664,0.8351761225756149,34.337636408222316
45.5,0.8111417350186476,34.33301514267775
45.583333333333336,0.7884180375069767,34.328370187729966
45.666666666666664,0.7624918497082805,34.32599444735497
45.75,0.6859810367305808,34.321748569655064
45.833333333333336,0.39756477542059704,34.302045608117474
45.916666666666664,0.22993875974223457,34.2900760510625
46.0,0.06610459985177147,34.279046457286434
46.083333333333336,-0.07031668196621808,34.27198316497601
46.166666666666664,-0.14850010937626126,34.26518661323794
46.25,-0.2339808186500215,34.25924499481819
46.333333333333336,-0.3194610942835109,34.25351532003194
46.416666666666664,-0.3224245761654117,34.250709979049155
46.5,-0.3111958647576062,34.24902376201123
46.583333333333336,-0.26095351213369367,34.25119965499207
46.666666666666664,-0.13815565336603527,34.259174702175926
46.75,0.11893877511073028,34.284700113465256
46.833333333333336,0.29987610293483,34.296505375788435
46.916666666666664,0.8787942075788493,34.34586892503328
47.0,1.4778682487360275,34.41435705989361
47.083333333333336,1.7828857627212236,34.456280553735006
47.166666666666664,1.69731864769784,34.45574154062083
47.25,1.5102764272873104,34.43518471822172
47.333333333333336,1.3516658076568078,34.41490507640427
47.416666666666664,1.2369539733020887,34.39403408272846
47.5,1.1467238017305836,34.37896489510775
47.583333333333336,1.1100354424941923,34.37377212298215
47.666666666666664,1.116765858308508,34.37662724191205
47.75,1.1961692000101811,34.38447928520143
47.833333333333336,1.198232659646566,34.38441002854526
47.916666666666664,1.1336510051344797,34.38030124253164
48.0,1.059728751701889,34.372638405984304
48.083333333333336,0.9719261921798117,34.36328248301496
48.166666666666664,0.7905679801462876,34.3477138810635
48.25,0.5841968499755401,34.33421984162687
48.333333333333336,0.39253816417241216,34.31699206883409
48.416666666666664,0.24434863772523038,34.30136780209375
48.5,0.08087518506900784,34.28248457044655
48.583333333333336,-0.06363747228930791,34.267489982055245
48.666666666666664,-0.11414787062382925,34.26226016013178
48.75,-0.1524379052716279,34.258703623374
48.833333333333336,-0.20449939970441725,34.253828902843736
48.916666666666664,-0.25085264252441486,34.25023789882785
49.0,-0.2989557303447548,34.24639828191539
49.083333333333336,-0.30580742120084003,34.245998219876434
49.166666666666664,-0.24808256865384756,34.25104331064077
49.25,-0.0772058088792191,34.26772362044213
49.333333333333336,-0.11888056889644111,34.26376441402792
49.416666666666664,-0.06429709639104024,34.26384858213327
49.5,-0.03361323287128509,34.2587492740278
49.583333333333336,-0.036499121803399495,34.25195372558063
49.666666666666664,-0.08100938306296965,34.24851014552323
49.75,-0.10577088332084279,34.24855758753386
49.833333333333336,-0.13371800049484892,34.247401342621444
49.916666666666664,-0.13285427785781886,34.24764585830255
50.0,-0.04671479190788036,34.25515374461922
50.083333333333336,0.37385859405719435,34.295463558116424
50.166666666666664,0.9380514628192085,34.35169503859118
50.25,1.2801082072197165,34.39065260325544
50.333333333333336,1.4286616234670246,34.40724071186771
50.416666666666664,1.321891094800224,34.39675265175163
50.5,1.1852228663825692,34.3732532277406
50.583333333333336,1.1209730837068808,34.369551896732744
50.666666666666664,1.078208763003319,34.36198425039558
50.75,1.11670621229084,34.35802340859913
50.833333333333336,1.1374131449343128,34.362078420125705
50.916666666666664,1.2221544964850843,34.37846178259184
51.0,1.3668573223490812,34.39632115599237
51.083333333333336,1.3938265286049845,34.40487469445092
51.166666666666664,1.3620106999493473,34.40714618896497
51.25,1.3611509493477514,34.40873343516396
51.333333333333336,1.3361660901528352,34.40827019916355
51.416666666666664,1.307216959831612,34.401879484324795
51.5,1.3007652397982592,34.39397699767641
51.583333333333336,1.2923838934937808,34.38644648863408
51.666666666666664,1.2786949414120463,34.37714130457944
51.75,1.2613932982765392,34.369225329568664
51.833333333333336,1.2126861391278834,34.36424405886913
51.916666666666664,1.1568671629501939,34.36064776240415
52.0,1.1341981110532342,34.3582556174255
52.083333333333336,1.1438008913896454,34.35795596619617
52.166666666666664,1.156443526944306,34.35900160810285
52.25,1.132996582475263,34.355704896087175
52.333333333333336,1.1112102332297693,34.35369984195541
52.416666666666664,1.0948963085597923,34.35030393556328
52.5,1.076658991024538,34.347241162235754
52.583333333333336,1.064768089169112,34.34871851270853
52.666666666666664,1.0545167347278928,34.34890041805453
52.75,1.0415505858276402,34.347982782121356
52.833333333333336,1.0275882084689818,34.34838680340001
52.916666666666664,1.0023270798567796,34.34527538643926
53.0,0.9736573205489546,34.34056811144856
53.083333333333336,0.9517379935558575,34.33758187016298
53.166666666666664,0.9254764411682181,34.33380984567974
53.25,0.8953231898772364,34.330013075850296
53.333333333333336,0.8661698284372863,34.3259383680404
53.416666666666664,0.8078293436417295,34.31835263513888
53.5,0.6530359732877916,34.29854083854657
53.583333333333336,0.43002219521785334,34.27224421558667
53.666666666666664,0.3562586136007678,34.26474065478943
53.75,0.28866985124034267,34.260290910880464
53.833333333333336,0.20664346043113094,34.252643285710946
53.916666666666664,0.1803092243519374,34.2515003146622
54.0,0.1707098446916903,34.25092996045267
54.083333333333336,0.18130314203092762,34.25254172524228
54.166666666666664,0.28421482665576564,34.26187280477463
54.25,0.4392200313513119,34.27761632932736
54.333333333333336,0.504981739723583,34.28442164214096
54.416666666666664,0.4481988752913804,34.28017503944104
54.5,0.43341082838183337,34.28011595792508
54.583333333333336,0.4125293212351263,34.277267003284834
54.666666666666664,0.454107175245576,34.27904480283495
54.75,0.5339578487308807,34.28648246087043
54.833333333333336,0.6672700900895213,34.2997756608848
54.916666666666664,1.069796739948578,34.33847026672215
55.0,1.3406485653527376,34.3768330430247
55.083333333333336,1.409153784513463,34.39700947731213
55.166666666666664,1.2837616672471612,34.38903351099522
55.25,1.1310894746144995,34.37996400696488
55.333333333333336,0.9759362335608618,34.3651252420651
55.416666666666664,0.8614416861004116,34.35567267363538
55.5,0.7601592499862266,34.324905010288454
55.583333333333336,0.7782175473327859,34.31614737850827
55.666666666666664,0.7904059887398148,34.308701651978225
55.75,0.8495977228946124,34.309484086935825
55.833333333333336,1.027901524267764,34.338952295422295
55.916666666666664,1.2227300330175417,34.37446547945585
56.0,1.3241551470099608,34.40087301008763
56.083333333333336,1.3406413126269614,34.405437572217615
56.166666666666664,1.2735663024266535,34.38389932974093
56.25,1.281452382411831,34.39183689421699
56.333333333333336,1.3041264978125222,34.396421308109716
56.416666666666664,1.2700378814513538,34.38614960181673
56.5,1.2444834706129604,34.37591345274198
56.583333333333336,1.265149342342855,34.37767392849749
56.666666666666664,1.3868423940588825,34.392663537199
56.75,1.4457213901702328,34.40052310180425
56.833333333333336,1.431741341369754,34.40462416533094
56.916666666666664,1.472737896515398,34.420248881382115
57.0,1.5500068894767332,34.443503423355864
57.083333333333336,1.5071852456081918,34.43692113225645
57.166666666666664,1.4622636512817875,34.432472169203905
57.25,1.3951793782432322,34.41561077830641
57.333333333333336,1.3388628266204472,34.40081886452206
57.416666666666664,1.3195617072071275,34.384635889944065
57.5,1.3274452208881857,34.37576422823163
57.583333333333336,1.386239913033496,34.380444685543445
57.666666666666664,1.4474082607444412,34.38693940584889
57.75,1.4796753407160776,34.39503159614566
57.833333333333336,1.47610181897018,34.39488557828399
57.916666666666664,1.4872052375815419,34.40713092693274
58.0,1.509792004477599,34.42607066141577
58.083333333333336,1.4823418873858483,34.44059991868481
58.166666666666664,1.4222244555578025,34.428658647589955
58.25,1.4343489368350684,34.417701236413514
58.333333333333336,1.3856887711206252,34.394233255640756
58.416666666666664,1.3913161339257354,34.38703858646943
58.5,1.4111712533988487,34.38885969870721
58.583333333333336,1.4337638842951606,34.39631371494046
58.666666666666664,1.440261786821902,34.398221256656484
58.75,1.4535663620500257,34.40554400512671
58.833333333333336,1.4721920844904477,34.417015738273946
58.916666666666664,1.4801411469210846,34.43101252027038
59.0,1.4687478479203029,34.43400109066418
59.083333333333336,1.5175875815644775,34.4330453529919
59.166666666666664,1.5240685824649467,34.42823133190665
59.25,1.4669815511875761,34.42299838846953
59.333333333333336,1.406446018781533,34.411827578016066
59.416666666666664,1.3426571873816828,34.39031607091628
59.5,1.3526785704737943,34.382295709543094
59.583333333333336,1.4015167533943154,34.38282628094806
59.666666666666664,1.4420703730444233,34.38972342508896
59.75,1.4485934805021448,34.3970943545502
59.833333333333336,1.4819559753622775,34.414127413426016
59.916666666666664,1.4664082906673122,34.4133743944114
60.0,1.4507655967454767,34.41491153910245
60.083333333333336,1.4656953949373093,34.42067966820417
60.166666666666664,1.517984542970477,34.42742330227951
60.25,1.5837209824510214,34.435072351857784
60.333333333333336,1.5928585877147472,34.43768496187951
60.416666666666664,1.4977017586574688,34.42196554034482
60.5,1.4929312660463485,34.412279876620495
60.583333333333336,1.5222171674665892,34.40876376015855
60.666666666666664,1.5761113237056277,34.410750376983536
60.75,1.6762573355421557,34.4205233227384
60.833333333333336,1.7643804727183783,34.43668703098248
60.916666666666664,1.8059264023579444,34.459991642074414
61.0,1.763902277073697,34.467463994541006
61.083333333333336,1.6892299055389948,34.4496868715991
61.166666666666664,1.650221641751348,34.443654294888425
61.25,1.5834350825517658,34.428050992274606
61.333333333333336,1.5407074595216854,34.42892690609475
61.416666666666664,1.5381033109940174,34.43171623792459
61.5,1.6383215996040144,34.446601506595485
61.583333333333336,1.642218809105354,34.440047934136224
61.666666666666664,1.5990031761527324,34.43109330638122
61.75,1.6975065452953286,34.446693366545276
61.833333333333336,1.7330630427607727,34.45181222392877
61.916666666666664,1.7474820747041249,34.45837711238947
62.0,1.7531420062676284,34.46376454137363
62.083333333333336,1.7311314580471862,34.46247695683945
62.166666666666664,1.708361331701715,34.461583773499434
62.25,1.7076317029446535,34.462334165577126
62.333333333333336,1.7394389224986893,34.45891501928306
62.416666666666664,1.8010806782069948,34.459237580459394
62.5,1.835989082560748,34.46309883740623
62.583333333333336,1.8350630397662735,34.461347549162525
62.666666666666664,1.8435078097344406,34.46314947756244
62.75,1.8489743127496485,34.45853410304778
62.833333333333336,1.8027965468110532,34.46880722658551
62.916666666666664,1.7616363336285716,34.47395680609153
63.0,1.7293645488683493,34.46937379542449
63.083333333333336,1.719821716445492,34.46855205338749
63.166666666666664,1.705750614080562,34.45506269917029
63.25,1.6968947476711593,34.44457409395644
63.333333333333336,1.7307395822445084,34.4507580332802
63.416666666666664,1.7257699338669792,34.451145780839354
63.5,1.7291941358218033,34.44986477582431
63.583333333333336,1.7531708126735592,34.457012476800195
63.666666666666664,1.748863662976966,34.45806207679822
63.75,1.6845746237029005,34.44824962619978
63.833333333333336,1.715028898875959,34.46617882918372
63.916666666666664,1.7214025439086462,34.46590205382769
64.0,1.7632096260273287,34.46645553564601
64.08333333333333,1.7655816980825736,34.4679966720207
64.16666666666667,1.708714931718258,34.45731470132758
64.25,1.6550858310110748,34.44738651628925
64.33333333333333,1.64655207659334,34.447336811764586
64.41666666666667,1.6777159431423567,34.44864651271804
64.5,1.680567008537242,34.4524468016833
64.58333333333333,1.6938520547110671,34.45562841241846
64.66666666666667,1.6490466259100032,34.443265597211244
64.75,1.6218750976023761,34.43970306136115
64.83333333333333,1.6854102982202872,34.44739522827374
64.91666666666667,1.7609645951866881,34.4608747976178
65.0,1.7518711683423336,34.461823172958255
65.08333333333333,1.6839546946094655,34.4533177191578
65.16666666666667,1.6136682460033636,34.444041763874274
65.25,1.674367200195151,34.44722784534522
65.33333333333333,1.6498345518652464,34.443725065959235
65.41666666666667,1.6248465251928748,34.436979759036596
65.5,1.651905541631763,34.44049473792093
65.58333333333333,1.5983303750626556,34.430437476937946
65.66666666666667,1.5791229697609916,34.42127754852014
65.75,1.6299761660407932,34.428822798406316
65.83333333333333,1.6637391579337901,34.445080061139436
65.91666666666667,1.6574167222208807,34.4518264330421
66.0,1.623226296199279,34.44829230282002
66.08333333333333,1.5834358229398457,34.44122961547416
66.16666666666667,1.5599628169133788,34.43829291365466
66.25,1.5290368436251207,34.434529299685884
66.33333333333333,1.4924371247120656,34.432480909401086
66.41666666666667,1.4406781405237798,34.422918456211185
66.5,1.5438724608997452,34.435729839711875
66.58333333333333,1.55296231446308,34.43166510245531
66.66666666666667,1.5938077198399088,34.433941697630246
66.75,1.6234808099853784,34.438799431243304
66.83333333333333,1.6222084926624654,34.44998962393061
66.91666666666667,1.6210501349115867,34.45606874654423
67.0,1.575848132382673,34.44795741053049
67.08333333333333,1.5032077992855892,34.43688053226755
67.16666666666667,1.4570798696786402,34.429718315902626
67.25,1.4057025398113212,34.42408182745705
67.33333333333333,1.4001850027269254,34.42167758465649
67.41666666666667,1.3949442288614404,34.41478444972516
67.5,1.4660958568391322,34.41920189384781
67.58333333333333,1.5472480092267973,34.431377780297815
67.66666666666667,1.564848073766677,34.43230467723773
67.75,1.58389642218118,34.435315201451914
67.83333333333333,1.5391751991922875,34.426564396021256
67.91666666666667,1.5379495471985438,34.43174119243082
68.0,1.544456860077529,34.43895991711243
68.08333333333333,1.5116585244556144,34.43398520160319
68.16666666666667,1.4464180329958898,34.424524007045726
68.25,1.4229195551754925,34.4227747289073
68.33333333333333,1.4916926130358972,34.430400815357764
68.41666666666667,1.545006059020352,34.43240155557827
68.5,1.571807767397502,34.433693296308896
68.58333333333333,1.5919676455218565,34.43294996561245
68.66666666666667,1.643392488779104,34.436382589524925
68.75,1.6682624622488815,34.44135531378651
68.83333333333333,1.6589590148472724,34.439894400833204
68.91666666666667,1.6555829649451028,34.441235124922244
69.0,1.6326894593176104,34.44288544360421
69.08333333333333,1.582011563217922,34.436666754590576
69.16666666666667,1.5219114188641163,34.429113926825195
69.25,1.479626113435173,34.42325505589468
69.33333333333333,1.4219435048901974,34.41238726862424
69.41666666666667,1.4149484332541509,34.410772069125066
69.5,1.4373182544349892,34.41201028601385
69.58333333333333,1.4641937636133986,34.41452025860545
69.66666666666667,1.448841824755355,34.4091507056527
69.75,1.4220008603229268,34.40579034456724
69.83333333333333,1.3397120072256983,34.39756908761679
69.91666666666667,1.3252480965735822,34.396797600413635
70.0,1.3710072627332566,34.40557639235935
70.08333333333333,1.4126799695441856,34.40853589778336
70.16666666666667,1.489488688032729,34.419603894090876
70.25,1.5673001580649468,34.43233307667601
70.33333333333333,1.647200527819412,34.447049625638115
70.41666666666667,1.675123629881029,34.45697962872497
70.5,1.6744839223589194,34.456982804207804
70.58333333333333,1.670367984183137,34.45818108902147
70.66666666666667,1.650919425033462,34.45814284494168
70.75,1.590622961941864,34.45024459845879
70.83333333333333,1.514665860505254,34.44094062023551
70.91666666666667,1.487578271073933,34.44078576350636
71.0,1.4695903169327957,34.43623155946295
71.08333333333333,1.4808184593857463,34.434854378671
71.16666666666667,1.4683132200562528,34.431517542681085
71.25,1.4865221571886384,34.435751652823974
71.33333333333333,1.5179229675745094,34.43359769008614
71.41666666666667,1.578654749351215,34.44249588215922
71.5,1.6017045249069966,34.44226333956806
71.58333333333333,1.633950049009894,34.43901048847597
71.66666666666667,1.6519886081673885,34.44217862475111
71.75,1.6772083382351282,34.446717600854385
71.83333333333333,1.6896672753436177,34.45202573814481
71.91666666666667,1.637415651748785,34.448975537129584
72.0,1.5678463987505262,34.44316241334887
72.08333333333333,1.541691626667355,34.439852093246245
72.16666666666667,1.4992546615230287,34.43657426936108
72.25,1.500602945886019,34.436457610204044
72.33333333333333,1.5479616607320348,34.438201983600145
72.41666666666667,1.5725176089084647,34.436219382292585
72.5,1.568113899630505,34.43257061790809
72.58333333333333,1.494558908380223,34.4138289910399
72.66666666666667,1.409581109374644,34.39944949980612
72.75,1.358813512155065,34.399362273189666
72.83333333333333,1.3912358332990178,34.41172347158343
72.91666666666667,1.4593559170464474,34.424913082401964
73.0,1.5010330834011616,34.42919901071448
73.08333333333333,1.5034388527777904,34.4259980826727
73.16666666666667,1.5392857764988643,34.430394913949065
73.25,1.5709474497587823,34.43385296377793
73.33333333333333,1.6101209549976936,34.44290551610636
73.41666666666667,1.6165806764622284,34.44512868682874
73.5,1.6389910622271324,34.45001437463284
73.58333333333333,1.6537751840900772,34.45640747374147
73.66666666666667,1.60530300450997,34.44792776639409
73.75,1.529309977953474,34.43689059446766
73.83333333333333,1.5172502397505452,34.443093259087945
73.91666666666667,1.521744218271771,34.449779284319455
74.0,1.5204611159065229,34.45187817150372
74.08333333333333,1.54021128194925,34.45049171985725
74.16666666666667,1.5695213381471873,34.45510219067726
74.25,1.6010046660641437,34.46075537263643
74.33333333333333,1.6424520827718954,34.47017419455611
74.41666666666667,1.6530013343956516,34.469631754462526
74.5,1.6738856374533515,34.470046660589176
74.58333333333333,1.6335685283571693,34.45975232958344
74.66666666666667,1.6086888513525393,34.4617274268615
74.75,1.568162870649674,34.46117463918586
74.83333333333333,1.5759946940216976,34.47123973221921
74.91666666666667,1.5910029187608998,34.47924547364413
75.0,1.6004583773902643,34.481186584610036
75.08333333333333,1.6215808587206813,34.48141109198231
75.16666666666667,1.6576394800592942,34.48522281213535
75.25,1.6698770526168327,34.49755046732402
75.33333333333333,1.6620227943926873,34.485920866481194
75.41666666666667,1.7000375075121876,34.486659800971225
75.5,1.6940889520488938,34.48246516810726
75.58333333333333,1.6916563459230458,34.483813952484134
75.66666666666667,1.6693972457319994,34.48883835356977
75.75,1.6392356296097335,34.48663735204021
75.83333333333333,1.6494479550344434,34.48827077052766
75.91666666666667,1.6735572619639951,34.48907101002535
76.0,1.7075764835440777,34.497410888986096
76.08333333333333,1.7385878416004745,34.50133759645302
76.16666666666667,1.7711850787616128,34.50960302580848
76.25,1.8067824034838784,34.512880794820724
76.33333333333333,1.8368899142689963,34.522074024245605
76.41666666666667,1.8167339152773985,34.52077713175712
76.5,1.8142570041860233,34.52025397178059
76.58333333333333,1.788629660278811,34.51409409509534
76.66666666666667,1.7260171952993961,34.50332860099505
76.75,1.6672790782256501,34.49197686795084
76.83333333333333,1.6691769676050958,34.49353492920728
76.91666666666667,1.6807505728644707,34.49739291222063
77.0,1.6708954067122637,34.49592420232902
77.08333333333333,1.6809098457124652,34.49635051407065
77.16666666666667,1.712398405913688,34.50404456020486
77.25,1.735394370217995,34.51549419747721
77.33333333333333,1.7473982725881056,34.509844801562984
77.41666666666667,1.751275773524377,34.509014503898
77.5,1.7555970607329283,34.51292584882948
77.58333333333333,1.7507646235307524,34.50983073318307
77.66666666666667,1.7037005056134464,34.508725460288545
77.75,1.6858202716692146,34.50934439849314
77.83333333333333,1.6668151027196245,34.50636621274943
77.91666666666667,1.6388532282051658,34.49459606334491
78.0,1.6330407024237776,34.49542831607427
78.08333333333333,1.6505630747402626,34.49789731431804
78.16666666666667,1.6785157382692797,34.50727752178342
78.25,1.7115335776524687,34.511188706185166
78.33333333333333,1.7518262560767313,34.516594300876626
78.41666666666667,1.7860668814922624,34.523419154660935
78.5,1.7946118428872082,34.52537747227336
78.58333333333333,1.8140832292488098,34.523960252205526
78.66666666666667,1.8104682479318757,34.52378032748738
78.75,1.7977222606174725,34.5226349585738
78.83333333333333,1.7584330862628323,34.51741304931892
78.91666666666667,1.7387979555504571,34.52261983583231
79.0,1.7052174609850062,34.51203589703174
79.08333333333333,1.7152257634013177,34.51447814264238
79.16666666666667,1.7447228304737448,34.520259819044696
79.25,1.7686164681731134,34.52374631915482
79.33333333333333,1.812417579107183,34.52532167871193
79.41666666666667,1.8529828366890821,34.52875378452149
79.5,1.841828715898236,34.526081275344204
79.58333333333333,1.8034214059381175,34.52135418667672
79.66666666666667,1.7611904294011664,34.51126942320654
79.75,1.6887352824621416,34.49957141859198
79.83333333333333,1.5793787260826424,34.48130240682026
79.91666666666667,1.5596311884842657,34.48323820278883
80.0,1.5739635377602594,34.48513031755668
80.08333333333333,1.6149163670379958,34.49135475825908
80.16666666666667,1.6563578856277614,34.49706269691343
80.25,1.675972981722059,34.49882425447695
80.33333333333333,1.7029611007600076,34.49928834300895
80.41666666666667,1.7391793796033521,34.4998340048448
80.5,1.7719428292798607,34.51437267497774
80.58333333333333,1.796014587703708,34.52004536648719
80.66666666666667,1.7879223277554723,34.51654215205638
80.75,1.771181069963108,34.515364882782094
80.83333333333333,1.7477154215344162,34.51289987309302
80.91666666666667,1.6726712491638411,34.50702572903338
81.0,1.6614924182224864,34.50313327724258
81.08333333333333,1.6681867848460346,34.50171152259035
81.16666666666667,1.6629159934738686,34.50670341089731
81.25,1.6788503751852917,34.51367652840826
81.33333333333333,1.6902363263556774,34.51345711157153
81.41666666666667,1.723226504810634,34.51143581460284
81.5,1.7289067535004707,34.50416391286127
81.58333333333333,1.7310164901511027,34.503109364318405
81.66666666666667,1.713072972118443,34.502906534185136
81.75,1.6758063717832006,34.500877508291346
81.83333333333333,1.6752239775485978,34.505136380588716
81.91666666666667,1.662062584585596,34.50958215769444
82.0,1.6609818063331894,34.50842776143566
82.08333333333333,1.668291868540974,34.50634039321916
82.16666666666667,1.6986089738861176,34.50641572704323
82.25,1.742527049797431,34.51465074649387
82.33333333333333,1.790754512017664,34.52171319155919
82.41666666666667,1.774100760224855,34.5136182998799
82.5,1.786288960511198,34.51700123346239
82.58333333333333,1.743529247261466,34.508573890826916
82.66666666666667,1.6797760655036582,34.50387538913919
82.75,1.6547146429572708,34.50204011029213
82.83333333333333,1.6868576105357265,34.5095665761536
82.91666666666667,1.7073953300100866,34.51166303044817
83.0,1.7161305613252837,34.51013562488714
83.08333333333333,1.7414931978413675,34.51491530792361
83.16666666666667,1.7304915208132514,34.50830397075806
83.25,1.7531661467784185,34.51047098645306
83.33333333333333,1.7524987678261468,34.50749928442189
83.41666666666667,1.7551623903343656,34.51054056631237
83.5,1.737107066101086,34.5082498442268
83.58333333333333,1.6992564833807413,34.50417269723039
83.66666666666667,1.659532132806456,34.49198907081075
83.75,1.7062857392847468,34.51220313336099
83.83333333333333,1.7615164369565377,34.52020709365398
83.91666666666667,1.8042834170415818,34.52776135696155
84.0,1.829646192152478,34.527912067888224
84.08333333333333,1.8548806081517468,34.531578828749275
84.16666666666667,1.861691913120815,34.53835806115861
84.25,1.8713159675299678,34.535867261018744
84.33333333333333,1.861473034677513,34.5337764140062
84.41666666666667,1.8744714268049114,34.53583528069429
84.5,1.8508831841856896,34.53102419709961
84.58333333333333,1.8108566768219514,34.525259993215236
84.66666666666667,1.7803405652149042,34.522868781797335
84.75,1.7515196912258548,34.52562890913518
84.83333333333333,1.6992095914555756,34.5191912077785
84.91666666666667,1.6742595895963115,34.520827346103154
85.0,1.6473994394900926,34.51461025243888
85.08333333333333,1.6514260587523342,34.51261663642159
85.16666666666667,1.6721324752808138,34.51245941412425
85.25,1.6777723390901425,34.510715792857326
85.33333333333333,1.676353924854948,34.50350621746416
85.41666666666667,1.6681243846001919,34.49827014452114
85.5,1.7059873543946267,34.50422725580654
85.58333333333333,1.6654723341495032,34.49569408012776
85.66666666666667,1.5885214958605827,34.49061874128383
85.75,1.5351683893795853,34.48582515770653
85.83333333333333,1.45666957734874,34.47396816369503
85.91666666666667,1.4675541608814375,34.47628830521704
86.0,1.5176757547897484,34.48339698507261
86.08333333333333,1.5597458509246909,34.485139520956366
86.16666666666667,1.6188165006661686,34.490626274925155
86.25,1.6700549040810952,34.497358881054986
86.33333333333333,1.6821746371092914,34.4974677151361
86.41666666666667,1.6788359487447047,34.49349513590764
86.5,1.5883692009582175,34.47789883195978
86.58333333333333,1.465794779003832,34.45665881774046
86.66666666666667,1.3913964011155677,34.44729873338245
86.75,1.3984983941356584,34.45678010236579
86.83333333333333,1.4122720478087984,34.452158573064786
86.91666666666667,1.4813688776189127,34.45836235570287
87.0,1.5509470843147832,34.467317738282176
87.08333333333333,1.5971752401788875,34.47120907115505
87.16666666666667,1.6443645303536405,34.478760909690294
87.25,1.6768851217686311,34.48707456023484
87.33333333333333,1.6407173683018705,34.47510781995087
87.41666666666667,1.6295720190996756,34.47254776184215
87.5,1.605554879882476,34.467972727312706
87.58333333333333,1.5705652420708465,34.46197809632623
87.66666666666667,1.5316479556809157,34.45503027593859
87.75,1.4817136659907408,34.44959688001548
87.83333333333333,1.4586397587529174,34.4492418293363
87.91666666666667,1.4608161047083499,34.45374626704922
88.0,1.4565279898623098,34.45458537583075
88.08333333333333,1.4085139821423884,34.44758730232778
88.16666666666667,1.4288533534796175,34.45290577815914
88.25,1.4030399069633839,34.447227609764596
88.33333333333333,1.362043521195598,34.440266317224626
88.41666666666667,1.3839928501305307,34.44403465154235
88.5,1.398281217236591,34.44340916994909
88.58333333333333,1.4139410808964783,34.44562463441524
88.66666666666667,1.397119729823786,34.44552908844267
88.75,1.4028782701272968,34.448571332804846
88.83333333333333,1.3843867971436414,34.44519826351265
88.91666666666667,1.3774760821822816,34.44641282343081
89.0,1.3650275538055554,34.4451436812328
89.08333333333333,1.334252713662705,34.44333747779659
89.16666666666667,1.3763533074675298,34.4469637952444
89.25,1.4158003088691133,34.45090131285856
89.33333333333333,1.4505820219621732,34.45398474992192
89.41666666666667,1.5086472651360587,34.454969072313006
89.5,1.5662353741512016,34.45733979803697
89.58333333333333,1.5909866374760027,34.45646764689058
89.66666666666667,1.5774463020003004,34.45744503421785
89.75,1.5408296894303248,34.450866191884025
89.83333333333333,1.4879621469904016,34.44352458959127
89.91666666666667,1.4962178416619663,34.456396174572426
90.0,1.4972414564085552,34.45581468279466
90.08333333333333,1.5105371282954843,34.45693730926988
90.16666666666667,1.5736719196305997,34.46561237424137
90.25,1.6406184210549846,34.47942102636924
90.33333333333333,1.6861942584371956,34.48445559852037
90.41666666666667,1.7193137308076625,34.48607969400032
90.5,1.6820511479567124,34.48006277593073
90.58333333333333,1.6132536246408793,34.46783779528932
90.66666666666667,1.51705956072432,34.45331704585367
90.75,1.4656321383630129,34.44741860816089
90.83333333333333,1.4550405525414432,34.44872950390416
90.91666666666667,1.4986487242478226,34.45756659950465
91.0,1.5251732632419137,34.462958393783246
91.08333333333333,1.5621545737843998,34.46520530401296
91.16666666666667,1.5786993819795958,34.465847617711766
91.25,1.6106045530224808,34.47234902318686
91.33333333333333,1.6158480474721955,34.46497096222675
91.41666666666667,1.6565697308766831,34.46736112870236
91.5,1.6511621935637901,34.469083603469485
91.58333333333333,1.5660521763162725,34.45349446257447
91.66666666666667,1.5170938429859626,34.44921254227469
91.75,1.5124762263113651,34.44669834038972
91.83333333333333,1.552283563807537,34.45552311147301
91.91666666666667,1.5654946937524064,34.45894566782616
92.0,1.5572410112907515,34.46178386160595
92.08333333333333,1.5560885105532547,34.46392050478906
92.16666666666667,1.5606139183155037,34.468584704818255
92.25,1.5608189434337223,34.46575583428762
92.33333333333333,1.5754704616125765,34.46658912120614
92.41666666666667,1.5670458448456108,34.468009325580724
92.5,1.5681125632022104,34.46939957479423
92.58333333333333,1.5383259693067137,34.46011381128101
92.66666666666667,1.5131008900155756,34.457631195805604
92.75,1.5340307428809494,34.46443798091986
92.83333333333333,1.5676244726346626,34.47389748255425
92.91666666666667,1.6175452073078214,34.48349900430625
93.0,1.6516877196977435,34.49002035669787
93.08333333333333,1.652814114488678,34.49058912101422
93.16666666666667,1.6669470845714638,34.491407535712625
93.25,1.6808467551795567,34.4927257044302
93.33333333333333,1.7255458674259396,34.494774137033865
93.41666666666667,1.74052752233418,34.499197848958964
93.5,1.727604109101556,34.48989573135252
93.58333333333333,1.7093672262018293,34.48548637675925
93.66666666666667,1.6482882855422625,34.471554913218924
93.75,1.6381897826082379,34.48559973920704
93.83333333333333,1.593187873526705,34.48296789685686
93.91666666666667,1.5964398127479407,34.48451529032921
94.0,1.5949416114854515,34.4813491228393
94.08333333333333,1.628582960342857,34.48489959385636
94.16666666666667,1.6717024674097511,34.49401109232972
94.25,1.7204298786184558,34.507208649552695
94.33333333333333,1.747202316100949,34.50514614040139
94.41666666666667,1.7825202124415773,34.50941121669228
94.5,1.7797289719371074,34.51053329749121
94.58333333333333,1.7555968597133091,34.510377672547506
94.66666666666667,1.737360763707888,34.50395556777443
94.75,1.7452291955116557,34.50445820232725
94.83333333333333,1.6731639170149688,34.49602488789229
94.91666666666667,1.6329743688304834,34.4956863122557
95.0,1.6161482582151416,34.490843366926136
95.08333333333333,1.5931661737954061,34.484843144977226
95.16666666666667,1.6070990571425985,34.49193344330446
95.25,1.6425898159658203,34.495540223202696
95.33333333333333,1.7019743278521573,34.503570903461494
95.41666666666667,1.7225538989509306,34.502969932082515
95.5,1.7574110155701395,34.50736896062609
95.58333333333333,1.7774332558277233,34.50906129292876
95.66666666666667,1.7849249900321462,34.509200713470946
95.75,1.7566398404651435,34.50757654759906
95.83333333333333,1.7122782125334848,34.50821312971997
95.91666666666667,1.6790141467048925,34.501635089338976
96.0,1.640510376131599,34.49923863359024
96.08333333333333,1.6471048652642266,34.50144240500174
96.16666666666667,1.636960149293189,34.49977349326735
96.25,1.6517404647889788,34.501646420493294
96.33333333333333,1.637019024100655,34.499437256311545
96.41666666666667,1.6483212398908016,34.499953695289825
96.5,1.6689864174659639,34.50488841334058
96.58333333333333,1.6791907517492624,34.50595817905479
96.66666666666667,1.6807689925128864,34.505165203504845
96.75,1.6819539208779684,34.51053878410929
96.83333333333333,1.688874498985579,34.5076052762186
96.91666666666667,1.6951237035616362,34.514944591312755
97.0,1.691844030520495,34.514836688208106
97.08333333333333,1.6893318298848503,34.513279447000954
97.16666666666667,1.69835418141317,34.51709340091119
97.25,1.6921252115055134,34.517279878814044
97.33333333333333,1.7305636256721826,34.519949857938684
97.41666666666667,1.7503823640724385,34.52333280879108
97.5,1.7799483225056032,34.52513507662178
97.58333333333333,1.7961936762579302,34.53457434614124
97.66666666666667,1.8023162452332957,34.53336063745773
97.75,1.787944409961495,34.53086971829894
97.83333333333333,1.8416778123012434,34.53665168117138
97.91666666666667,1.8252668596565813,34.54204457109175
98.0,1.7666368533055057,34.53429344848678
98.08333333333333,1.7396255622248273,34.52894315766133
98.16666666666667,1.7556022186435227,34.53356152804913
98.25,1.7518136838557923,34.53851637307175
98.33333333333333,1.7722905228643533,34.5352194644863
98.41666666666667,1.806414630697014,34.5451916045036
98.5,1.825185113168691,34.54941551413434
98.58333333333333,1.850153422093731,34.54850376384902
98.66666666666667,1.8343202332333317,34.54623238128841
98.75,1.8382225903141975,34.55226871160373
98.83333333333333,1.8542466314313617,34.55584515646206
98.91666666666667,1.8731349941531361,34.558680722930234
99.0,1.8586738941832113,34.55515303935215
99.08333333333333,1.8551798813002596,34.554694381207504
99.16666666666667,1.874957552971246,34.560423339000366
99.25,1.8398749220822115,34.5590411995226
99.33333333333333,1.837876247868704,34.555041986538626
99.41666666666667,1.842962261195419,34.55812341596903
99.5,1.8624679150638532,34.55770253377633
99.58333333333333,1.8872668234517413,34.558811624390096
99.66666666666667,1.8387437521895615,34.553588519401885
99.75,1.8242770763118956,34.561087209916984
99.83333333333333,1.8509261242304862,34.55932588597729
99.91666666666667,1.89866205150755,34.571354164005456
