decyear,B-ISMF-bug_rho_abovepyc,B-ISMF-bug_rho_belowpyc
10.0,1027.1941366726599,1027.7155410032228
10.083333333333334,1027.1759311910598,1027.711177342574
10.166666666666666,1027.1623238074153,1027.7119378398147
10.25,1027.1636874866642,1027.7140244552156
10.333333333333334,1027.1873405728006,1027.7126898224217
10.416666666666666,1027.2027600742686,1027.7009394261083
10.5,1027.2116436962267,1027.6988242288326
10.583333333333334,1027.2230936055569,1027.6971872282973
10.666666666666666,1027.2403073994656,1027.7012918628816
10.75,1027.2509773253528,1027.7025993847326
10.833333333333334,1027.2546056523859,1027.705633883047
10.916666666666666,1027.2374707023962,1027.7111486630338
11.0,1027.2085346456638,1027.7180636356024
11.083333333333334,1027.2083575245588,1027.7199246715684
11.166666666666666,1027.1903879766467,1027.728421961716
11.25,1027.1753595362034,1027.727228037922
11.333333333333334,1027.153579733207,1027.7234093507295
11.416666666666666,1027.1652931315734,1027.7149420622643
11.5,1027.181631249773,1027.7025591539473
11.583333333333334,1027.20597758885,1027.6902711610553
11.666666666666666,1027.21724929602,1027.695454560806
11.75,1027.2247963886525,1027.6889347147398
11.833333333333334,1027.2243893766263,1027.6969956913065
11.916666666666666,1027.21021149376,1027.7010877323557
12.0,1027.1682715888662,1027.7050174391836
12.083333333333334,1027.1557403720667,1027.7015556328583
12.166666666666666,1027.1127874343954,1027.7111970599146
12.25,1027.1221541786074,1027.707825325145
12.333333333333334,1027.1518762417018,1027.709982124315
12.416666666666666,1027.155553836741,1027.7069599626761
12.5,1027.1702266136638,1027.6967848556642
12.583333333333334,1027.1950895505704,1027.6851995748896
12.666666666666666,1027.2125349197443,1027.6886376806608
12.75,1027.2303786685732,1027.6941869084087
12.833333333333334,1027.2328137411023,1027.6936364611142
12.916666666666666,1027.2222665928205,1027.689916790715
13.0,1027.1914814005543,1027.6911392600628
13.083333333333334,1027.1639672381496,1027.6865477852332
13.166666666666666,1027.1520787140157,1027.6875576697016
13.25,1027.1250235737195,1027.6941629696933
13.333333333333334,1027.1498722101935,1027.6968383451908
13.416666666666666,1027.1585893880012,1027.6919425290864
13.5,1027.1657973420797,1027.678283079784
13.583333333333334,1027.1693313392661,1027.687520297873
13.666666666666666,1027.186449455009,1027.688310805859
13.75,1027.2074360540425,1027.690303898524
13.833333333333334,1027.2131953996263,1027.6903373543796
13.916666666666666,1027.2000841660151,1027.6910210247347
14.0,1027.1755972458716,1027.6892662525465
14.083333333333334,1027.1408035243971,1027.6889287523431
14.166666666666666,1027.1568287616183,1027.6913609930807
14.25,1027.1663582559256,1027.6956377286194
14.333333333333334,1027.1603725076693,1027.6913687202164
14.416666666666666,1027.1830479346347,1027.6809955991237
14.5,1027.1873738544189,1027.6864630159453
14.583333333333334,1027.1941592752548,1027.6881292321434
14.666666666666666,1027.2119833110244,1027.6941865481103
14.75,1027.2169506937937,1027.7002839087154
14.833333333333334,1027.2179895884533,1027.6949638786034
14.916666666666666,1027.209066921275,1027.6894286054915
15.0,1027.1845958055653,1027.6864234145107
15.083333333333334,1027.1546609235234,1027.6882467150401
15.166666666666666,1027.1136201478278,1027.6933748911138
15.25,1027.104744170202,1027.684268519631
15.333333333333334,1027.1144560914527,1027.682889281308
15.416666666666666,1027.144783333223,1027.6770272037768
15.5,1027.155491081338,1027.6848698201334
15.583333333333334,1027.1689188677944,1027.6826929646384
15.666666666666666,1027.1784005570055,1027.6939445065263
15.75,1027.1966125909591,1027.694549862289
15.833333333333334,1027.204966721387,1027.6938885431734
15.916666666666666,1027.1939384228858,1027.6938930863162
16.0,1027.1789945472108,1027.6955599201983
16.083333333333332,1027.1520520011368,1027.6916959779894
16.166666666666668,1027.1380613286153,1027.6906858605341
16.25,1027.1329570615148,1027.6898472428768
16.333333333333332,1027.1403044522237,1027.6891433416367
16.416666666666668,1027.1427298237031,1027.6820366530394
16.5,1027.1433738102564,1027.6858637090008
16.583333333333332,1027.1511705791338,1027.6901489521567
16.666666666666668,1027.1687497349337,1027.6907853339455
16.75,1027.1874089056191,1027.6924299263408
16.833333333333332,1027.1961170043485,1027.6929490103712
16.916666666666668,1027.1934918646139,1027.6947987815229
17.0,1027.1764304906176,1027.6864173427189
17.083333333333332,1027.1497641620467,1027.6864307928338
17.166666666666668,1027.1156140016953,1027.6852137490148
17.25,1027.1228316841227,1027.682593119245
17.333333333333332,1027.141999530727,1027.6820170798119
17.416666666666668,1027.1533543018286,1027.6796598287888
17.5,1027.1727168575967,1027.67721882239
17.583333333333332,1027.1826186527742,1027.678745064649
17.666666666666668,1027.1919821195165,1027.6878668365234
17.75,1027.2070579723093,1027.6876486227811
17.833333333333332,1027.2139354782264,1027.6881000350534
17.916666666666668,1027.2027513847538,1027.688893446187
18.0,1027.1809735029194,1027.6807079149426
18.083333333333332,1027.1714002337558,1027.6825126173733
18.166666666666668,1027.14984396102,1027.6834924854272
18.25,1027.1559716304887,1027.6784001685803
18.333333333333332,1027.1519162403174,1027.6767393025932
18.416666666666668,1027.1509839276293,1027.678047478655
18.5,1027.1486125260765,1027.673663857105
18.583333333333332,1027.1494604450481,1027.688096641421
18.666666666666668,1027.172567067211,1027.688671150768
18.75,1027.1913153570479,1027.6899317371033
18.833333333333332,1027.2073571520295,1027.6848952400585
18.916666666666668,1027.2021201674245,1027.6852595273056
19.0,1027.1726867038176,1027.6861609110913
19.083333333333332,1027.1563137683008,1027.6886181064062
19.166666666666668,1027.1457014363946,1027.6890555200816
19.25,1027.128884355547,1027.687693451372
19.333333333333332,1027.1238371243387,1027.6804561878837
19.416666666666668,1027.119652593454,1027.683248171947
19.5,1027.116264686525,1027.685037312849
19.583333333333332,1027.141371183184,1027.6880148751736
19.666666666666668,1027.1655361400854,1027.6888228841951
19.75,1027.179970507781,1027.6872977376688
19.833333333333332,1027.1883820368248,1027.6870574770437
19.916666666666668,1027.18214106906,1027.687534574503
20.0,1027.1671093477612,1027.689563754193
20.083333333333332,1027.1544455470932,1027.683866691896
20.166666666666668,1027.1357362298606,1027.6839301944194
20.25,1027.137254627097,1027.683643071048
20.333333333333332,1027.1151283690822,1027.6854673332268
20.416666666666668,1027.1311295585133,1027.6848880975267
20.5,1027.1463376517988,1027.6845473538258
20.583333333333332,1027.1722301948012,1027.6854615521274
20.666666666666668,1027.1900997522682,1027.6857537463554
20.75,1027.2076769685016,1027.686029861482
20.833333333333332,1027.2180806358608,1027.6804606480398
20.916666666666668,1027.2102894884338,1027.6875532083661
21.0,1027.1951299139917,1027.6736271568918
21.083333333333332,1027.1852407207195,1027.676906689833
21.166666666666668,1027.1951952565378,1027.6767513250404
21.25,1027.221247953728,1027.6710444033517
21.333333333333332,1027.2260294643384,1027.670262906217
21.416666666666668,1027.2129639104091,1027.6688902161768
21.5,1027.2044579906487,1027.680793700862
21.583333333333332,1027.2272702756998,1027.6874857046291
21.666666666666668,1027.2463839714892,1027.6882064837368
21.75,1027.2519928935008,1027.6879969522904
21.833333333333332,1027.254792290973,1027.6882277730076
21.916666666666668,1027.24302711478,1027.6897809289633
22.0,1027.219085560186,1027.6920576688253
22.083333333333332,1027.2244125062657,1027.6790460302166
22.166666666666668,1027.2125930451284,1027.6792086494343
22.25,1027.2098264302847,1027.6690127718352
22.333333333333332,1027.198702532999,1027.6664394633133
22.416666666666668,1027.1890097323383,1027.6673911980727
22.5,1027.193364761766,1027.6751833443611
22.583333333333332,1027.209012986018,1027.6802967615426
22.666666666666668,1027.2400951240752,1027.6767295691322
22.75,1027.2532491941695,1027.6779426920243
22.833333333333332,1027.2587127787178,1027.6777120775062
22.916666666666668,1027.2559781216592,1027.673888130988
23.0,1027.2321163614606,1027.6754955843153
23.083333333333332,1027.2194727725848,1027.6719011272735
23.166666666666668,1027.2085305929081,1027.67290936957
23.25,1027.2058841096998,1027.6766191981171
23.333333333333332,1027.224440880795,1027.6698730163007
23.416666666666668,1027.2355676744407,1027.6678442495268
23.5,1027.2315184408897,1027.6749417459102
23.583333333333332,1027.2454578248526,1027.6742416910076
23.666666666666668,1027.2599845692625,1027.6801376117073
23.75,1027.264912828769,1027.6858376454284
23.833333333333332,1027.2672515231905,1027.6864795447977
23.916666666666668,1027.2597609645227,1027.6882476297174
24.0,1027.2319976771653,1027.6834000446954
24.083333333333332,1027.208377943575,1027.683897616108
24.166666666666668,1027.211399026128,1027.6795931583151
24.25,1027.2154220894777,1027.6739434770238
24.333333333333332,1027.227755426379,1027.6685919473905
24.416666666666668,1027.2102414551862,1027.6739638898196
24.5,1027.201956713233,1027.680237859024
24.583333333333332,1027.2279645185126,1027.6812155102252
24.666666666666668,1027.2567599422975,1027.6837755486572
24.75,1027.2634980156115,1027.682711604712
24.833333333333332,1027.2619844583064,1027.682335429234
24.916666666666668,1027.2537800329005,1027.6837633871987
25.0,1027.2371253472588,1027.6875900382795
25.083333333333332,1027.2117202241886,1027.6876686550092
25.166666666666668,1027.1904127097318,1027.6767012619457
25.25,1027.1932380799703,1027.6818907455627
25.333333333333332,1027.1996037173592,1027.680002474759
25.416666666666668,1027.2100971103014,1027.6747603765934
25.5,1027.2132636117117,1027.6833132095378
25.583333333333332,1027.237258764536,1027.6841504338433
25.666666666666668,1027.2562527780722,1027.6843285043751
25.75,1027.2675315082633,1027.6851241678482
25.833333333333332,1027.270194672614,1027.6863949139365
25.916666666666668,1027.2596740992951,1027.687446846365
26.0,1027.2434367963206,1027.6903252815282
26.083333333333332,1027.2319759163981,1027.6701289826995
26.166666666666668,1027.2352446671441,1027.6709464718397
26.25,1027.259335114655,1027.6693658788442
26.333333333333332,1027.2628330774926,1027.6682043091707
26.416666666666668,1027.2584955825314,1027.6751614390505
26.5,1027.2496249792916,1027.6774318644793
26.583333333333332,1027.2570563255308,1027.6826259905847
26.666666666666668,1027.2690433939747,1027.6832152480736
26.75,1027.2874551042253,1027.6845600733166
26.833333333333332,1027.293602199003,1027.6853255608514
26.916666666666668,1027.2855865695583,1027.6878338914287
27.0,1027.2645253531352,1027.6892526096406
27.083333333333332,1027.2431410681008,1027.6879686161406
27.166666666666668,1027.2177210765178,1027.6863894640348
27.25,1027.2160438055334,1027.6799543788195
27.333333333333332,1027.2175137159802,1027.677059356193
27.416666666666668,1027.2171681680497,1027.6764775736203
27.5,1027.2269815201478,1027.676337653143
27.583333333333332,1027.2385835914147,1027.6762810025682
27.666666666666668,1027.255283029837,1027.6770695529754
27.75,1027.2636333211128,1027.6814227722305
27.833333333333332,1027.2646501979336,1027.6811221615044
27.916666666666668,1027.2589724503403,1027.682916041841
28.0,1027.2384959161825,1027.68524198749
28.083333333333332,1027.2317341540836,1027.6757490264158
28.166666666666668,1027.2317581031593,1027.6667199746917
28.25,1027.2356745784505,1027.666171722253
28.333333333333332,1027.2376709656544,1027.6649548681908
28.416666666666668,1027.234308910845,1027.6656489728134
28.5,1027.2318828007024,1027.6722050385358
28.583333333333332,1027.230117441247,1027.6763753000512
28.666666666666668,1027.243073930907,1027.6767468155558
28.75,1027.255544329884,1027.6764061436702
28.833333333333332,1027.262522432402,1027.6778194106134
28.916666666666668,1027.2495159622035,1027.6779850074822
29.0,1027.2286729215493,1027.6807877524445
29.083333333333332,1027.2085670426256,1027.6817283493099
29.166666666666668,1027.2031434444098,1027.6818472869822
29.25,1027.2089311019743,1027.6800329555526
29.333333333333332,1027.2065217970962,1027.6777683553319
29.416666666666668,1027.199433794539,1027.6734189129807
29.5,1027.201118486616,1027.6707408994484
29.583333333333332,1027.1970558936196,1027.6674849548067
29.666666666666668,1027.2113104637453,1027.6698768383492
29.75,1027.222930280335,1027.6716143099834
29.833333333333332,1027.2326000464723,1027.6738381325729
29.916666666666668,1027.220172562093,1027.6747031038399
30.0,1027.1906198049578,1027.6767010736007
30.083333333333332,1027.1837731235596,1027.6787992501831
30.166666666666668,1027.1829860874448,1027.6791371328004
30.25,1027.1580362344432,1027.6758216853796
30.333333333333332,1027.1363928964752,1027.6734726739116
30.416666666666668,1027.147709340788,1027.6717646000839
30.5,1027.1608305792502,1027.6713337665158
30.583333333333332,1027.1702672870856,1027.670990273292
30.666666666666668,1027.1966426234465,1027.6738144149433
30.75,1027.2171404809085,1027.6752847065047
30.833333333333332,1027.2164543379597,1027.674784127072
30.916666666666668,1027.2114967734665,1027.6769556155507
31.0,1027.1790542886067,1027.677555838063
31.083333333333332,1027.176311023214,1027.6726135191655
31.166666666666668,1027.1700821293657,1027.6614185758308
31.25,1027.1452350582645,1027.6681327085014
31.333333333333332,1027.157136889231,1027.661171855081
31.416666666666668,1027.1638716442862,1027.6701231739867
31.5,1027.1626153159298,1027.6678669513935
31.583333333333332,1027.1713889576629,1027.6679638948854
31.666666666666668,1027.1892235890175,1027.669658682933
31.75,1027.197848887473,1027.669830299341
31.833333333333332,1027.2011528202183,1027.6703472029646
31.916666666666668,1027.194824496509,1027.6723922690683
32.0,1027.1742601262918,1027.6738275757639
32.083333333333336,1027.1615602828565,1027.6752447911115
32.166666666666664,1027.1533738894238,1027.6743860202919
32.25,1027.1334061670475,1027.6718266851408
32.333333333333336,1027.1291887006055,1027.6694236800154
32.416666666666664,1027.1450141849232,1027.6676594000635
32.5,1027.147043154849,1027.665857608465
32.583333333333336,1027.1541023939649,1027.6667609890387
32.666666666666664,1027.1710035521012,1027.6687595177882
32.75,1027.1781883469102,1027.6692543495242
32.833333333333336,1027.1825580684267,1027.6708624249575
32.916666666666664,1027.1812113732271,1027.6729794639662
33.0,1027.1578316738169,1027.6748978236346
33.083333333333336,1027.1380045358183,1027.6748762338273
33.166666666666664,1027.1511207964434,1027.6639225272613
33.25,1027.1518153812895,1027.6563972968845
33.333333333333336,1027.144401474835,1027.6590021876582
33.416666666666664,1027.1405015659957,1027.6674266112354
33.5,1027.1458924639296,1027.6649139609854
33.583333333333336,1027.157312685737,1027.6642330133734
33.666666666666664,1027.1728983973696,1027.6658932779335
33.75,1027.1875023600967,1027.6651793282203
33.833333333333336,1027.195193810547,1027.665570108402
33.916666666666664,1027.1888652368948,1027.6668168487563
34.0,1027.1682747772206,1027.6682618009575
34.083333333333336,1027.155113646194,1027.6699968916364
34.166666666666664,1027.1559959397991,1027.6633408158373
34.25,1027.1473246753549,1027.6665893806899
34.333333333333336,1027.1266162688019,1027.661880875943
34.416666666666664,1027.1290439259421,1027.6602416828641
34.5,1027.1371387620509,1027.658647072075
34.583333333333336,1027.1447202760075,1027.657570952016
34.666666666666664,1027.1647703253861,1027.6584914603948
34.75,1027.175416864279,1027.6591885112484
34.833333333333336,1027.1815466282692,1027.6609525524368
34.916666666666664,1027.1735358423873,1027.6619692307486
35.0,1027.1533378306947,1027.6640147991418
35.083333333333336,1027.1410371420257,1027.665080184115
35.166666666666664,1027.128966211191,1027.664317409142
35.25,1027.1117213857567,1027.6628327727149
35.333333333333336,1027.1157193543133,1027.6608884308548
35.416666666666664,1027.1212199487086,1027.6589456526724
35.5,1027.130553458512,1027.6574608088913
35.583333333333336,1027.1545970929603,1027.6587954410734
35.666666666666664,1027.1671944930692,1027.6596142516605
35.75,1027.1783102097963,1027.6603516325326
35.833333333333336,1027.1818052436777,1027.6597823162635
35.916666666666664,1027.1747301386697,1027.660676166656
36.0,1027.1532954813479,1027.6615221556162
36.083333333333336,1027.1292665669305,1027.6626292920923
36.166666666666664,1027.1132493921675,1027.662902417524
36.25,1027.0822547642051,1027.6579543754176
36.333333333333336,1027.0781271301848,1027.6549701767437
36.416666666666664,1027.06434980023,1027.6489440646224
36.5,1027.0752545101834,1027.6499284596757
36.583333333333336,1027.1050871965829,1027.6528287402086
36.666666666666664,1027.1376305571466,1027.6549073863177
36.75,1027.1505640506393,1027.6552558131598
36.833333333333336,1027.1550556811865,1027.6544914033434
36.916666666666664,1027.148615366803,1027.655575717986
37.0,1027.1344753296607,1027.658639768822
37.083333333333336,1027.1106982159758,1027.659658480107
37.166666666666664,1027.1061992310974,1027.6583161034864
37.25,1027.1153470153072,1027.656957380123
37.333333333333336,1027.0987168035992,1027.6473199424584
37.416666666666664,1027.0878386109819,1027.648660247804
37.5,1027.0990217724805,1027.648727098359
37.583333333333336,1027.1184059640213,1027.6489583293267
37.666666666666664,1027.1481032240756,1027.6494009642745
37.75,1027.1596248606522,1027.6501899345672
37.833333333333336,1027.1618779602532,1027.6508385497095
37.916666666666664,1027.1481553871854,1027.6516487146841
38.0,1027.1274383779937,1027.6546787576322
38.083333333333336,1027.1078778347098,1027.6569447053807
38.166666666666664,1027.0754067651233,1027.6564186436185
38.25,1027.055913043919,1027.65433235045
38.333333333333336,1027.0553293375003,1027.6532289201264
38.416666666666664,1027.06434184672,1027.6526622518002
38.5,1027.0750638716977,1027.6512613409311
38.583333333333336,1027.0861717160844,1027.6516113810899
38.666666666666664,1027.0926200013496,1027.6496002957556
38.75,1027.1099975932866,1027.6516888225563
38.833333333333336,1027.1155573010265,1027.655282000547
38.916666666666664,1027.1102046415838,1027.6572167543575
39.0,1027.0991109388995,1027.6602786568433
39.083333333333336,1027.074656161673,1027.6599552002656
39.166666666666664,1027.035010903554,1027.658194023558
39.25,1027.0521113223779,1027.6562773175658
39.333333333333336,1027.0677739096004,1027.6542367549182
39.416666666666664,1027.0767570065518,1027.6527023180254
39.5,1027.085131732719,1027.6520867290326
39.583333333333336,1027.0969237803763,1027.6491932956706
39.666666666666664,1027.1147569233797,1027.6487865935846
39.75,1027.1304198401974,1027.6499993185903
39.833333333333336,1027.137828261971,1027.6533790595745
39.916666666666664,1027.1282665787924,1027.655621302876
40.0,1027.1042630341576,1027.6569637264354
40.083333333333336,1027.0918051914878,1027.6585663610663
40.166666666666664,1027.091039048342,1027.6582165670716
40.25,1027.0789537653725,1027.656120564819
40.333333333333336,1027.0732811634382,1027.653266327751
40.416666666666664,1027.0634702075924,1027.6484272219739
40.5,1027.072637755559,1027.650465787722
40.583333333333336,1027.090243957676,1027.6520809598112
40.666666666666664,1027.1045500368762,1027.652273799197
40.75,1027.112889705948,1027.6544315571834
40.833333333333336,1027.12129394808,1027.6570813419141
40.916666666666664,1027.1136754676415,1027.6597092118222
41.0,1027.085366520011,1027.6607858770888
41.083333333333336,1027.0737460003218,1027.6555377285772
41.166666666666664,1027.0724189827363,1027.6501222979236
41.25,1027.078258897412,1027.6434120417134
41.333333333333336,1027.05861804441,1027.6407231834162
41.416666666666664,1027.0596703371393,1027.6434493557745
41.5,1027.0761728218538,1027.648980081835
41.583333333333336,1027.082457055362,1027.6544568773477
41.666666666666664,1027.0892567594676,1027.6536471709403
41.75,1027.1070125328545,1027.655342254975
41.833333333333336,1027.1149054824498,1027.656316916103
41.916666666666664,1027.1054707142719,1027.6574318308642
42.0,1027.0738810257048,1027.6580389883677
42.083333333333336,1027.0566341169144,1027.6585553205596
42.166666666666664,1027.0554204750936,1027.6582234199257
42.25,1027.0677644480245,1027.6577477480023
42.333333333333336,1027.0807474076335,1027.657976729143
42.416666666666664,1027.0999169948097,1027.658165099267
42.5,1027.1094730841223,1027.6558211768079
42.583333333333336,1027.1142038133512,1027.6540616388331
42.666666666666664,1027.128081707322,1027.6543765111608
42.75,1027.136655329587,1027.6545300351013
42.833333333333336,1027.140257449802,1027.654928286923
42.916666666666664,1027.1353722802965,1027.6573941362385
43.0,1027.1265751586072,1027.6474416304932
43.083333333333336,1027.108794520355,1027.6502989906762
43.166666666666664,1027.0895293575393,1027.6487593073014
43.25,1027.1110079727114,1027.6434431259004
43.333333333333336,1027.1349623076171,1027.6370439451866
43.416666666666664,1027.1479122509418,1027.6451695922196
43.5,1027.1437563309055,1027.6523564134889
43.583333333333336,1027.154894679217,1027.6534332310634
43.666666666666664,1027.1607448764087,1027.6525412330254
43.75,1027.16951272568,1027.6521998975868
43.833333333333336,1027.1719069737937,1027.6529655065417
43.916666666666664,1027.160095804175,1027.6542490261509
44.0,1027.1357570384348,1027.6560802248825
44.083333333333336,1027.114513398093,1027.6579502256393
44.166666666666664,1027.1024606367923,1027.6576673385202
44.25,1027.1043220913175,1027.65854534668
44.333333333333336,1027.1109900041345,1027.6591783956503
44.416666666666664,1027.1305066002874,1027.6527385221193
44.5,1027.1379390566037,1027.651695011954
44.583333333333336,1027.1440704608733,1027.657306477174
44.666666666666664,1027.155126121528,1027.6579914425206
44.75,1027.1599569299262,1027.6575413225662
44.833333333333336,1027.160133682731,1027.6581395130354
44.916666666666664,1027.1490338210253,1027.6594908480388
45.0,1027.1248742139246,1027.6611492222178
45.083333333333336,1027.1090878014454,1027.656777903471
45.166666666666664,1027.1132177092024,1027.651950528975
45.25,1027.11710994263,1027.6509987363959
45.333333333333336,1027.0971311949227,1027.6416184641275
45.416666666666664,1027.0873048863218,1027.6582251576813
45.5,1027.0989395237198,1027.6587386027225
45.583333333333336,1027.1074176540974,1027.6577491062535
45.666666666666664,1027.1262165412022,1027.658609166263
45.75,1027.133745373992,1027.6587042292485
45.833333333333336,1027.1373096630425,1027.6593853392176
45.916666666666664,1027.1321371812921,1027.6595606765268
46.0,1027.1121642906728,1027.6528026235897
46.083333333333336,1027.0879438778213,1027.6482947144102
46.166666666666664,1027.100199407297,1027.6373408644554
46.25,1027.1130751527382,1027.6328513685105
46.333333333333336,1027.1320529723087,1027.6324111402594
46.416666666666664,1027.1448209949979,1027.6302548297274
46.5,1027.143525863696,1027.6476192319165
46.583333333333336,1027.157047023504,1027.6596775931218
46.666666666666664,1027.1795498593272,1027.6594199135645
46.75,1027.1855773804261,1027.6573212803087
46.833333333333336,1027.1885052725434,1027.658523747248
46.916666666666664,1027.1810881985375,1027.6552488110606
47.0,1027.1607235142526,1027.6412701990068
47.083333333333336,1027.142573500391,1027.643680580545
47.166666666666664,1027.1346488419215,1027.6389996966268
47.25,1027.1349346173356,1027.6352663194243
47.333333333333336,1027.1257590175762,1027.6366172309993
47.416666666666664,1027.1308540803527,1027.6339757233268
47.5,1027.133315748323,1027.6417042534636
47.583333333333336,1027.1377541204163,1027.656596075519
47.666666666666664,1027.1549153197318,1027.6566866568548
47.75,1027.16351942535,1027.656998864526
47.833333333333336,1027.1623996068051,1027.6569730779293
47.916666666666664,1027.1581426318287,1027.6588920906797
48.0,1027.1347325044771,1027.6598750898029
48.083333333333336,1027.1107930555584,1027.6483779349517
48.166666666666664,1027.084269971804,1027.6411932011101
48.25,1027.0673305197238,1027.651628189157
48.333333333333336,1027.0523141488723,1027.6440144641003
48.416666666666664,1027.0640362952092,1027.6506742051045
48.5,1027.080365161366,1027.656337855128
48.583333333333336,1027.1080744958767,1027.6513550565317
48.666666666666664,1027.1290260424234,1027.6514262862497
48.75,1027.1487392419906,1027.6467821923898
48.833333333333336,1027.1555140017397,1027.6469949256634
48.916666666666664,1027.1492240437944,1027.6465508568908
49.0,1027.1317582648508,1027.648343686227
49.083333333333336,1027.109889860325,1027.648008175097
49.166666666666664,1027.080154074897,1027.6463492541025
49.25,1027.0661028274349,1027.6448789898693
49.333333333333336,1027.0528709535538,1027.6492469513257
49.416666666666664,1027.0721131952096,1027.6478406846
49.5,1027.0867522435765,1027.6473855177617
49.583333333333336,1027.0989393574869,1027.645459600264
49.666666666666664,1027.11522711088,1027.650470428365
49.75,1027.1390968305811,1027.6536576778406
49.833333333333336,1027.1410746301099,1027.6537936865348
49.916666666666664,1027.1362100158508,1027.6550303159236
50.0,1027.1177014500854,1027.6572277345492
50.083333333333336,1027.1158112517228,1027.6459153886938
50.166666666666664,1027.1134538980873,1027.6473486408622
50.25,1027.1022162617744,1027.6460826906637
50.333333333333336,1027.0981928547894,1027.6429285856098
50.416666666666664,1027.0881945997005,1027.650202218872
50.5,1027.1057024081479,1027.6498438479698
50.583333333333336,1027.1266234887012,1027.6501393244544
50.666666666666664,1027.1444926174636,1027.649393458481
50.75,1027.1625072837612,1027.6508670214714
50.833333333333336,1027.1691469188468,1027.6516775182606
50.916666666666664,1027.1623045772546,1027.6537928717812
51.0,1027.141797596817,1027.6547702543232
51.083333333333336,1027.101431640155,1027.6533095453685
51.166666666666664,1027.1093136437657,1027.6547484718774
51.25,1027.1248471639099,1027.6532414092048
51.333333333333336,1027.1369898573673,1027.6518364858398
51.416666666666664,1027.1423833124852,1027.6503858867636
51.5,1027.1479400341761,1027.6496284521008
51.583333333333336,1027.156967821932,1027.6480934690292
51.666666666666664,1027.1606310005254,1027.6459633252882
51.75,1027.1684296788287,1027.646505750843
51.833333333333336,1027.1677261604461,1027.6469710042634
51.916666666666664,1027.1577645683683,1027.6487972076789
52.0,1027.128717479634,1027.649889315265
52.083333333333336,1027.1020855945792,1027.651967214356
52.166666666666664,1027.0856016133403,1027.6520557224057
52.25,1027.0446504409774,1027.6465741674579
52.333333333333336,1027.0462818872852,1027.6466023765645
52.416666666666664,1027.0702120352273,1027.64794315706
52.5,1027.089980744669,1027.6489652915357
52.583333333333336,1027.1017174057843,1027.6475741549689
52.666666666666664,1027.11984287596,1027.6493944055092
52.75,1027.1303386136187,1027.6503025484465
52.833333333333336,1027.1309676476149,1027.6502530107396
52.916666666666664,1027.117405086781,1027.6492965608309
53.0,1027.093397350612,1027.6513400045635
53.083333333333336,1027.0664832839616,1027.652058742382
53.166666666666664,1027.0684343524008,1027.6530923194764
53.25,1027.0872581781468,1027.653002926742
53.333333333333336,1027.0782719858503,1027.6440651562725
53.416666666666664,1027.0557594198037,1027.6472953499433
53.5,1027.0445009058856,1027.6459087091168
53.583333333333336,1027.0560019544723,1027.647249855575
53.666666666666664,1027.0686468794347,1027.6491771317699
53.75,1027.0881691697493,1027.6516560522516
53.833333333333336,1027.0943221131865,1027.6516329679114
53.916666666666664,1027.085742389041,1027.6526639863778
54.0,1027.0706427019572,1027.6555303257132
54.083333333333336,1027.0552648297637,1027.6504256384303
54.166666666666664,1027.0474143478407,1027.6512310155777
54.25,1027.061812955063,1027.6458103312061
54.333333333333336,1027.0679644947834,1027.644940430797
54.416666666666664,1027.0767142783527,1027.6523474729588
54.5,1027.0971591173309,1027.646839242655
54.583333333333336,1027.10821925743,1027.6462982604423
54.666666666666664,1027.1252953357907,1027.6459127608393
54.75,1027.1387422821742,1027.6450940752527
54.833333333333336,1027.1315157983122,1027.6557990301324
54.916666666666664,1027.1267354507318,1027.6503907511985
55.0,1027.1135117365009,1027.647195281375
55.083333333333336,1027.1095211013196,1027.6390199583523
55.166666666666664,1027.1075228171183,1027.6343967336848
55.25,1027.1078607356085,1027.6284812480096
55.333333333333336,1027.088083169448,1027.635803915181
55.416666666666664,1027.0887566858535,1027.6391328361876
55.5,1027.1009712588718,1027.6440368776387
55.583333333333336,1027.1111636924675,1027.649320380168
55.666666666666664,1027.109457547703,1027.6533383561637
55.75,1027.1133712661576,1027.65476187134
55.833333333333336,1027.1158444069065,1027.6557942905172
55.916666666666664,1027.108804772424,1027.6572889845215
56.0,1027.0994314124225,1027.6420762748376
56.083333333333336,1027.0753562039858,1027.6383711560538
56.166666666666664,1027.069359062524,1027.6345573284568
56.25,1027.0780339052253,1027.6338885978423
56.333333333333336,1027.079051163671,1027.6326383179323
56.416666666666664,1027.083017305314,1027.6310417299271
56.5,1027.0866073907603,1027.6416423351777
56.583333333333336,1027.0998194070226,1027.6465761602985
56.666666666666664,1027.1148219241188,1027.6449664362538
56.75,1027.1252708178304,1027.6505339788766
56.833333333333336,1027.1257123215628,1027.654971550705
56.916666666666664,1027.1247433470267,1027.6508312948079
57.0,1027.121564408537,1027.6376042237753
57.083333333333336,1027.122156910187,1027.6356808689832
57.166666666666664,1027.125411393755,1027.6384138279034
57.25,1027.1107990503242,1027.6320721737973
57.333333333333336,1027.1080878963573,1027.630703368514
57.416666666666664,1027.1171991349413,1027.627842878429
57.5,1027.1124633798834,1027.6378043594084
57.583333333333336,1027.1061762272116,1027.651188436829
57.666666666666664,1027.1201732333413,1027.6536619921521
57.75,1027.1277410310654,1027.6550403045935
57.833333333333336,1027.1302472113064,1027.6547138131616
57.916666666666664,1027.1233528827051,1027.6559761491192
58.0,1027.1174952771044,1027.6471835504326
58.083333333333336,1027.116784438697,1027.64345664623
58.166666666666664,1027.1040891898315,1027.6388867105366
58.25,1027.09355108479,1027.633150729233
58.333333333333336,1027.0766197996943,1027.6394829300166
58.416666666666664,1027.0865613884837,1027.6444202467135
58.5,1027.1137802123596,1027.6501883254314
58.583333333333336,1027.1332449070226,1027.656292463486
58.666666666666664,1027.146826659336,1027.6551544431306
58.75,1027.1601157722657,1027.6567681104734
58.833333333333336,1027.1716590458273,1027.6519837769608
58.916666666666664,1027.1652956068147,1027.6464595632142
59.0,1027.1453831113656,1027.6486261891528
59.083333333333336,1027.1372587071937,1027.6513376260546
59.166666666666664,1027.1201448584357,1027.6457755798303
59.25,1027.1058643591216,1027.643010569305
59.333333333333336,1027.0998756235542,1027.646019494864
59.416666666666664,1027.0830624184096,1027.6543886590034
59.5,1027.1011983103106,1027.6565509125148
59.583333333333336,1027.1045822277852,1027.6546508332478
59.666666666666664,1027.1143482017746,1027.6553213605107
59.75,1027.1345011412561,1027.6575512187108
59.833333333333336,1027.1362119300218,1027.656984013673
59.916666666666664,1027.124381418286,1027.6573125223917
60.0,1027.1042475463291,1027.6590924643897
60.083333333333336,1027.1090236087807,1027.6385696419588
60.166666666666664,1027.1078060258785,1027.6407834096146
60.25,1027.1192266717674,1027.6399817448869
60.333333333333336,1027.1336978699248,1027.6398966820745
60.416666666666664,1027.1483588738154,1027.6385379526816
60.5,1027.1558065578026,1027.6479222132473
60.583333333333336,1027.1603766672827,1027.6576516823627
60.666666666666664,1027.1643914324773,1027.657348727131
60.75,1027.170243559338,1027.657302971184
60.833333333333336,1027.1666006475612,1027.6570050669222
60.916666666666664,1027.1665146216824,1027.6481360565092
61.0,1027.1444221029224,1027.6458659048594
61.083333333333336,1027.1248816553414,1027.641990602606
61.166666666666664,1027.1017052724842,1027.6425214968242
61.25,1027.0971443158971,1027.636524788194
61.333333333333336,1027.0957028895073,1027.642164026571
61.416666666666664,1027.1124412059812,1027.6415566788737
61.5,1027.1521155183345,1027.6329101461429
61.583333333333336,1027.1576062964439,1027.6415569209762
61.666666666666664,1027.1633428820705,1027.6459270379094
61.75,1027.1770006272734,1027.6459045613476
61.833333333333336,1027.1809850360075,1027.6464680865959
61.916666666666664,1027.1745342212646,1027.6419297601963
62.0,1027.1588601647265,1027.6389689121634
62.083333333333336,1027.1464081308475,1027.646193664636
62.166666666666664,1027.1457091705204,1027.640842982275
62.25,1027.157607583859,1027.6395014186157
62.333333333333336,1027.1805064478174,1027.635520597605
62.416666666666664,1027.1833787726239,1027.6332982641243
62.5,1027.1864819154498,1027.6480117203964
62.583333333333336,1027.183646074237,1027.6504274200624
62.666666666666664,1027.1938199098934,1027.6497739575864
62.75,1027.1935415473763,1027.6590791880362
62.833333333333336,1027.2011272020522,1027.6604896984284
62.916666666666664,1027.1912636272746,1027.661883889506
63.0,1027.1638536519752,1027.657427021061
63.083333333333336,1027.1308955465165,1027.6537696514645
63.166666666666664,1027.0774746422926,1027.6482304527278
63.25,1027.0732817339651,1027.64861270978
63.333333333333336,1027.1002127973873,1027.6460423822798
63.416666666666664,1027.0994252119408,1027.6476407237808
63.5,1027.108912170499,1027.650485469731
63.583333333333336,1027.1183342557347,1027.6495450926175
63.666666666666664,1027.1396028531765,1027.649585254393
63.75,1027.138312059388,1027.6526255411522
63.833333333333336,1027.1469605075044,1027.6562596060276
63.916666666666664,1027.1366433468672,1027.650470965111
64.0,1027.111495254051,1027.6516540037467
64.08333333333333,1027.0950601877125,1027.6523896226297
64.16666666666667,1027.0898760451632,1027.642813240108
64.25,1027.0824643224094,1027.6457052163091
64.33333333333333,1027.0840924034926,1027.6447730119737
64.41666666666667,1027.100710598348,1027.6426944572752
64.5,1027.108573945907,1027.6460891193622
64.58333333333333,1027.1169115424143,1027.6509599271428
64.66666666666667,1027.1242860978227,1027.6545393889346
64.75,1027.1421242830254,1027.6562137295873
64.83333333333333,1027.1464234209072,1027.6574558245104
64.91666666666667,1027.1425946299535,1027.6599989074152
65.0,1027.1345371744117,1027.6512105915872
65.08333333333333,1027.1351723591802,1027.6445355029869
65.16666666666667,1027.0871842211952,1027.638047840184
65.25,1027.0877383118448,1027.6362480297212
65.33333333333333,1027.0928001779423,1027.6391289266173
65.41666666666667,1027.0951490639952,1027.6392744788293
65.5,1027.0997201693983,1027.649854173282
65.58333333333333,1027.1060930455792,1027.655467150524
65.66666666666667,1027.1261737840937,1027.6572507956482
65.75,1027.1439872407213,1027.6583419702465
65.83333333333333,1027.1516814011582,1027.6602670561124
65.91666666666667,1027.1600455171576,1027.6454474785796
66.0,1027.1401904658485,1027.642768341807
66.08333333333333,1027.1407604360265,1027.645431328721
66.16666666666667,1027.1311847202935,1027.6382049347048
66.25,1027.1246392705061,1027.6365822129967
66.33333333333333,1027.1238629434522,1027.6350138913217
66.41666666666667,1027.125176183922,1027.6330144443903
66.5,1027.132815613544,1027.6356385814245
66.58333333333333,1027.127575654188,1027.6504862314926
66.66666666666667,1027.147081901905,1027.6577422701764
66.75,1027.1649221101839,1027.651665539475
66.83333333333333,1027.172080614785,1027.6525307092231
66.91666666666667,1027.1659031981837,1027.6538296688195
67.0,1027.1535831674432,1027.639052391314
67.08333333333333,1027.1410754762564,1027.6410239851411
67.16666666666667,1027.1328852820745,1027.641738941744
67.25,1027.118416937112,1027.6402431701424
67.33333333333333,1027.1251168246902,1027.6333364610693
67.41666666666667,1027.1359393910434,1027.6355488078364
67.5,1027.1345909488791,1027.6496256210876
67.58333333333333,1027.1518738014377,1027.6453491698492
67.66666666666667,1027.1566978186486,1027.650971942952
67.75,1027.1762623409788,1027.654156754659
67.83333333333333,1027.1778379803056,1027.6552770229487
67.91666666666667,1027.173989182392,1027.6396119574645
68.0,1027.149794660344,1027.6423691912503
68.08333333333333,1027.1355913850787,1027.6442318229547
68.16666666666667,1027.1253833112964,1027.6394693019167
68.25,1027.1185703572578,1027.6382044200896
68.33333333333333,1027.1310001641393,1027.6370753940446
68.41666666666667,1027.1503411457531,1027.6361580418943
68.5,1027.1412076020965,1027.6411858870504
68.58333333333333,1027.1311333021479,1027.6543407256115
68.66666666666667,1027.1487456980526,1027.6563439071656
68.75,1027.1522873123536,1027.6559493893055
68.83333333333333,1027.1562986457363,1027.6579949217894
68.91666666666667,1027.1469763477694,1027.6577144243656
69.0,1027.1313437015895,1027.6480403474711
69.08333333333333,1027.1196782147135,1027.6512930317786
69.16666666666667,1027.1284177704692,1027.6422920122513
69.25,1027.117255290464,1027.6359127971295
69.33333333333333,1027.105969633733,1027.6378754218115
69.41666666666667,1027.1067201047179,1027.6401433445665
69.5,1027.1102545753827,1027.650574973036
69.58333333333333,1027.1128900327703,1027.6557905228394
69.66666666666667,1027.1317561989658,1027.6567085874256
69.75,1027.1376021799128,1027.6528336295783
69.83333333333333,1027.1444476401437,1027.6551879993926
69.91666666666667,1027.134175755816,1027.6564765621988
70.0,1027.1150826258377,1027.6586694947048
70.08333333333333,1027.1184701539623,1027.6443385551065
70.16666666666667,1027.1217957076356,1027.6410809350132
70.25,1027.1298815607968,1027.636638514938
70.33333333333333,1027.1385394310373,1027.6368223821282
70.41666666666667,1027.1499648139932,1027.6361723226273
70.5,1027.1523035495456,1027.6333314731912
70.58333333333333,1027.1673326030673,1027.6493180253494
70.66666666666667,1027.177871934487,1027.6542162286619
70.75,1027.1822212003167,1027.6596349254805
70.83333333333333,1027.1861396655252,1027.6606136479568
70.91666666666667,1027.18013277602,1027.6504226263435
71.0,1027.1531788437674,1027.6458525833084
71.08333333333333,1027.1432943816608,1027.642010954842
71.16666666666667,1027.1436016368525,1027.6373365683062
71.25,1027.134850573534,1027.6367155488813
71.33333333333333,1027.1287165416015,1027.6391468514228
71.41666666666667,1027.138314721139,1027.643872429787
71.5,1027.1494635239987,1027.6493504256407
71.58333333333333,1027.1501666468582,1027.6528809471456
71.66666666666667,1027.1660610264657,1027.6585496867262
71.75,1027.1778614925267,1027.6596781120174
71.83333333333333,1027.1833308148725,1027.6597499757806
71.91666666666667,1027.1812050734063,1027.6560356079217
72.0,1027.1638054572222,1027.6527437855214
72.08333333333333,1027.149313199038,1027.6482138701667
72.16666666666667,1027.1428181915928,1027.637453685219
72.25,1027.131963713061,1027.6370292220654
72.33333333333333,1027.1209140261742,1027.6450014668949
72.41666666666667,1027.1094889775297,1027.6413022198044
72.5,1027.1105878786927,1027.643763878294
72.58333333333333,1027.111075385949,1027.6538308190595
72.66666666666667,1027.1235669766656,1027.6541258513034
72.75,1027.1342106120053,1027.6566982619368
72.83333333333333,1027.1443072829377,1027.6603043221685
72.91666666666667,1027.1444085502055,1027.646920662506
73.0,1027.1315654552784,1027.639530553553
73.08333333333333,1027.1146700001714,1027.6408698636465
73.16666666666667,1027.0925932996527,1027.6405329445502
73.25,1027.072239568647,1027.6395252104703
73.33333333333333,1027.083735433252,1027.6370373625878
73.41666666666667,1027.097121645212,1027.641236949287
73.5,1027.1262261410325,1027.6356695358556
73.58333333333333,1027.1429676491782,1027.6396322890607
73.66666666666667,1027.14583730638,1027.6482216405495
73.75,1027.143288920322,1027.6581479679598
73.83333333333333,1027.1467234550862,1027.6580319665013
73.91666666666667,1027.1464925535538,1027.6612776657662
74.0,1027.139300074691,1027.6468917230563
74.08333333333333,1027.1033305973572,1027.6434646455104
74.16666666666667,1027.1015183312709,1027.6412032351448
74.25,1027.1088722665143,1027.638542632788
74.33333333333333,1027.1226716708143,1027.6364665447245
74.41666666666667,1027.12611649451,1027.6334003736292
74.5,1027.1373538371113,1027.6363003987808
74.58333333333333,1027.1452883171546,1027.640533593629
74.66666666666667,1027.154516534966,1027.6467568546038
74.75,1027.1652395683288,1027.6482409295163
74.83333333333333,1027.1683928384068,1027.647532998767
74.91666666666667,1027.1626137545722,1027.6461462243187
75.0,1027.141099942039,1027.6459370848693
75.08333333333333,1027.1204078891394,1027.6512324435178
75.16666666666667,1027.1009329752108,1027.6452959459357
75.25,1027.091233989578,1027.6474034411378
75.33333333333333,1027.0965378854562,1027.639511329505
75.41666666666667,1027.1110837522945,1027.6351027913513
75.5,1027.1027494355126,1027.6462347393717
75.58333333333333,1027.1122334889433,1027.6500223423436
75.66666666666667,1027.1372713139012,1027.6512129888224
75.75,1027.1619247003316,1027.6527057963651
75.83333333333333,1027.1677979801486,1027.651535131428
75.91666666666667,1027.163800533427,1027.6522233372436
76.0,1027.1597322322523,1027.645874281095
76.08333333333333,1027.1399531631516,1027.6519484038477
76.16666666666667,1027.1260602765121,1027.6477064782496
76.25,1027.1307792435152,1027.6383761116278
76.33333333333333,1027.1434391398386,1027.6390428628001
76.41666666666667,1027.1491798426414,1027.6367882610596
76.5,1027.1615720545492,1027.6391602609785
76.58333333333333,1027.169053124741,1027.6463794471167
76.66666666666667,1027.1745606986515,1027.6502144538733
76.75,1027.1848530281422,1027.650106317354
76.83333333333333,1027.188596180935,1027.6489525487973
76.91666666666667,1027.1821963656187,1027.6560138002885
77.0,1027.1700716680855,1027.642690120564
77.08333333333333,1027.159312071831,1027.6454305124569
77.16666666666667,1027.1490438608303,1027.6463490135395
77.25,1027.1558613581376,1027.640940904566
77.33333333333333,1027.1565406674717,1027.640915765191
77.41666666666667,1027.1649729577096,1027.6402766148726
77.5,1027.1839763515331,1027.639326208885
77.58333333333333,1027.191794902691,1027.6484298164346
77.66666666666667,1027.205603204338,1027.6482974983624
77.75,1027.2122815114965,1027.6525002396306
77.83333333333333,1027.2163548686515,1027.6510295627277
77.91666666666667,1027.209023512957,1027.6501377597065
78.0,1027.186853159446,1027.6571092967615
78.08333333333333,1027.1638466205134,1027.648608320087
78.16666666666667,1027.181232082904,1027.6479198843408
78.25,1027.2015204085153,1027.6492781279003
78.33333333333333,1027.2153389300304,1027.643312603898
78.41666666666667,1027.2117939873222,1027.6416085833923
78.5,1027.2021355566499,1027.6473834356293
78.58333333333333,1027.1927231563468,1027.6548508914286
78.66666666666667,1027.2013737534803,1027.6607670814208
78.75,1027.2102239293515,1027.6613818517046
78.83333333333333,1027.215085977199,1027.6508590051694
78.91666666666667,1027.2032620571372,1027.65251789988
79.0,1027.1913907301237,1027.65086739935
79.08333333333333,1027.1848002462775,1027.6535746720074
79.16666666666667,1027.198035239736,1027.6405844908797
79.25,1027.1962368683683,1027.6393989229682
79.33333333333333,1027.1831187025582,1027.6364247977579
79.41666666666667,1027.1828891413484,1027.6329702072796
79.5,1027.1734760432632,1027.6478082391811
79.58333333333333,1027.1803939244471,1027.6584647032362
79.66666666666667,1027.1997157254682,1027.6597176316473
79.75,1027.211768993027,1027.6594666709404
79.83333333333333,1027.2158548959255,1027.660242358065
79.91666666666667,1027.2162370457643,1027.6528607150744
80.0,1027.2078502580382,1027.6533448859948
80.08333333333333,1027.212394086998,1027.6471051061626
80.16666666666667,1027.2108031138296,1027.64536774532
80.25,1027.200099638086,1027.6397190131822
80.33333333333333,1027.1756320473453,1027.6388147814482
80.41666666666667,1027.171000810552,1027.6404508110265
80.5,1027.1828896616735,1027.6395379026087
80.58333333333333,1027.1893526396157,1027.642164228331
80.66666666666667,1027.1988673655146,1027.647860786092
80.75,1027.2143297821315,1027.6482672281911
80.83333333333333,1027.2148811306904,1027.6486653349195
80.91666666666667,1027.2049585129548,1027.650702617278
81.0,1027.1834045498883,1027.6497907311639
81.08333333333333,1027.1638802940909,1027.6513103798925
81.16666666666667,1027.1414372075974,1027.649105374685
81.25,1027.1521429952077,1027.6544561714136
81.33333333333333,1027.1666330228659,1027.6534920645688
81.41666666666667,1027.1712413055616,1027.6491094983278
81.5,1027.177709032901,1027.6385008927173
81.58333333333333,1027.1846291747709,1027.6405326943711
81.66666666666667,1027.1871732808918,1027.6537487531273
81.75,1027.2010171681072,1027.646471667392
81.83333333333333,1027.2070520929913,1027.6431388133547
81.91666666666667,1027.2049590838062,1027.6454607063865
82.0,1027.172972053006,1027.652207086879
82.08333333333333,1027.160279979089,1027.6481434553436
82.16666666666667,1027.165356455824,1027.649446882872
82.25,1027.163622844933,1027.6458253010685
82.33333333333333,1027.1764511621075,1027.64015999237
82.41666666666667,1027.1697200341625,1027.6455242938505
82.5,1027.1775666170538,1027.647930140867
82.58333333333333,1027.1916773698197,1027.6525090197674
82.66666666666667,1027.2144886268115,1027.6529785387995
82.75,1027.2252219586067,1027.652446587637
82.83333333333333,1027.234440904461,1027.6535310755098
82.91666666666667,1027.2307786514236,1027.6551388936323
83.0,1027.2138005839763,1027.6567543208328
83.08333333333333,1027.1949997907839,1027.6533669374367
83.16666666666667,1027.1705467434858,1027.6519168536745
83.25,1027.1447679311389,1027.6492792965116
83.33333333333333,1027.1496253236053,1027.6431040555456
83.41666666666667,1027.1503701661463,1027.6453926912056
83.5,1027.1595276436167,1027.6556358228293
83.58333333333333,1027.1775128348688,1027.6557095238231
83.66666666666667,1027.1863657666352,1027.6556221908888
83.75,1027.202157666845,1027.6578087546557
83.83333333333333,1027.2096410596823,1027.653297229109
83.91666666666667,1027.2037550320822,1027.6552594888378
84.0,1027.190593491495,1027.649733153297
84.08333333333333,1027.187026267135,1027.6512525569065
84.16666666666667,1027.2022043006084,1027.6490241338884
84.25,1027.2143674197605,1027.642031022842
84.33333333333333,1027.2063551843853,1027.643425325993
84.41666666666667,1027.2039310906248,1027.6446556730266
84.5,1027.205491096938,1027.6417341111476
84.58333333333333,1027.199597821971,1027.6542520284568
84.66666666666667,1027.2089408070092,1027.659998537033
84.75,1027.2195054907356,1027.6608632440618
84.83333333333333,1027.2181770034879,1027.649775149067
84.91666666666667,1027.213673766362,1027.6525419690604
85.0,1027.1926816767095,1027.654625600748
85.08333333333333,1027.1760105743776,1027.652195299735
85.16666666666667,1027.1896802552862,1027.6411978057843
85.25,1027.1535218807733,1027.643391295023
85.33333333333333,1027.134508508035,1027.6397737618054
85.41666666666667,1027.1411887184952,1027.637818486458
85.5,1027.1519768070154,1027.6442691682137
85.58333333333333,1027.1615678445612,1027.6481727404828
85.66666666666667,1027.1617750123282,1027.653084684616
85.75,1027.1651556977172,1027.653552035478
85.83333333333333,1027.1693514441226,1027.6494978785668
85.91666666666667,1027.1601995612623,1027.650397865139
86.0,1027.1323041502087,1027.6518935645317
86.08333333333333,1027.115625252673,1027.6426449665562
86.16666666666667,1027.1148657676456,1027.642017112459
86.25,1027.1267711707956,1027.637412935505
86.33333333333333,1027.1291248775437,1027.6360316491482
86.41666666666667,1027.11415411054,1027.6374369968946
86.5,1027.0879501964043,1027.6483887907448
86.58333333333333,1027.0929757804734,1027.6474888977236
86.66666666666667,1027.1015326613997,1027.6542883266688
86.75,1027.1216076028836,1027.6571479984075
86.83333333333333,1027.1230690711807,1027.6566757955206
86.91666666666667,1027.1151649346687,1027.6578663746727
87.0,1027.1174524178211,1027.6446524301684
87.08333333333333,1027.105067703269,1027.6410930869845
87.16666666666667,1027.0924406010088,1027.6456838275772
87.25,1027.0858076978327,1027.6445092721747
87.33333333333333,1027.0740362025654,1027.6414415924944
87.41666666666667,1027.0724831615428,1027.6508933662503
87.5,1027.0935147106502,1027.6507724665125
87.58333333333333,1027.107017462394,1027.657279843364
87.66666666666667,1027.116748521526,1027.657334567363
87.75,1027.1246400261366,1027.6565858148508
87.83333333333333,1027.1293819459252,1027.6572344803576
87.91666666666667,1027.1248287801318,1027.6593983818523
88.0,1027.1224313695075,1027.6407029710087
88.08333333333333,1027.1014024545418,1027.6440901812477
88.16666666666667,1027.118798337215,1027.640518460073
88.25,1027.0971248449434,1027.6380456294476
88.33333333333333,1027.1064836340615,1027.6358610946982
88.41666666666667,1027.104748704712,1027.6369539892955
88.5,1027.0936194669669,1027.6432712895987
88.58333333333333,1027.109260369086,1027.6574169075357
88.66666666666667,1027.129173613185,1027.6586166081713
88.75,1027.1558473042537,1027.6557672962647
88.83333333333333,1027.1605532379408,1027.6445864111881
88.91666666666667,1027.1467354866552,1027.6456350605415
89.0,1027.137093341124,1027.646382960269
89.08333333333333,1027.1268543215128,1027.6471733838666
89.16666666666667,1027.1130544374541,1027.6420345739036
89.25,1027.0983636367625,1027.6426219088742
89.33333333333333,1027.095401244038,1027.6375050368963
89.41666666666667,1027.0915964088265,1027.6321429856218
89.5,1027.0949451332106,1027.6442101928292
89.58333333333333,1027.1138570548085,1027.6429793476673
89.66666666666667,1027.1303087607885,1027.6489249231804
89.75,1027.15383176461,1027.6495102957697
89.83333333333333,1027.1575457124168,1027.6482919452858
89.91666666666667,1027.1533103020572,1027.6497957353224
90.0,1027.1331488463127,1027.6469846406683
90.08333333333333,1027.1269738169026,1027.6448181760381
90.16666666666667,1027.1277505782236,1027.6405978000191
90.25,1027.1429525829203,1027.6397845711708
90.33333333333333,1027.1626187307484,1027.6343065645594
90.41666666666667,1027.1675088077943,1027.6412824156487
90.5,1027.1662023913418,1027.6415167071182
90.58333333333333,1027.161650250603,1027.6571284818535
90.66666666666667,1027.1697268053686,1027.657282486233
90.75,1027.1750832593636,1027.657448235935
90.83333333333333,1027.1793590566256,1027.6584485476278
90.91666666666667,1027.1714205417975,1027.658603880787
91.0,1027.1578165890107,1027.65058552286
91.08333333333333,1027.135706419131,1027.6422460272117
91.16666666666667,1027.124164189791,1027.6428900207354
91.25,1027.1417996528303,1027.6391470114024
91.33333333333333,1027.1385114388381,1027.6370901291912
91.41666666666667,1027.1468489864317,1027.6361656683714
91.5,1027.1413403973925,1027.6427272472577
91.58333333333333,1027.1394781562549,1027.6574132947123
91.66666666666667,1027.1618955782747,1027.6593275256091
91.75,1027.174337599104,1027.6588002707022
91.83333333333333,1027.1785261620553,1027.6590629315062
91.91666666666667,1027.1699375914168,1027.6584225634003
92.0,1027.1551934858217,1027.655067246281
92.08333333333333,1027.145839965799,1027.651979794064
92.16666666666667,1027.147525248261,1027.6485290320836
92.25,1027.1232972750195,1027.6452184470486
92.33333333333333,1027.1315487911231,1027.643721612409
92.41666666666667,1027.148581300607,1027.6425493239253
92.5,1027.1553122341838,1027.6525822666524
92.58333333333333,1027.1643170815264,1027.658588018474
92.66666666666667,1027.1825420988944,1027.6593677172875
92.75,1027.1921123221796,1027.6598360738617
92.83333333333333,1027.1927548350181,1027.6607055247355
92.91666666666667,1027.1879441696012,1027.6563509238724
93.0,1027.1741162972637,1027.6476946476162
93.08333333333333,1027.1552501525814,1027.6439933937568
93.16666666666667,1027.1616310064142,1027.6410689198142
93.25,1027.1638981430492,1027.6425516824652
93.33333333333333,1027.1396687909253,1027.6372610803462
93.41666666666667,1027.1285881157935,1027.643480245385
93.5,1027.1271772159753,1027.6453744521675
93.58333333333333,1027.1302243947544,1027.6552570150523
93.66666666666667,1027.146841514094,1027.6571892178997
93.75,1027.171055367382,1027.648472142496
93.83333333333333,1027.183028494523,1027.651361312179
93.91666666666667,1027.1718355897965,1027.6479052314605
94.0,1027.1653046613778,1027.6413828155353
94.08333333333333,1027.161026324377,1027.64296489425
94.16666666666667,1027.1567127444114,1027.6429832839835
94.25,1027.150031889226,1027.6368478054153
94.33333333333333,1027.1512770428596,1027.6363843372683
94.41666666666667,1027.1519325214747,1027.6347677792455
94.5,1027.1479948018768,1027.6416346740257
94.58333333333333,1027.1570887478201,1027.6503858652877
94.66666666666667,1027.162711396022,1027.6505457137237
94.75,1027.1666274936952,1027.6492767427933
94.83333333333333,1027.1687063276781,1027.6567132730377
94.91666666666667,1027.1653402437382,1027.6485850669822
95.0,1027.1546143689231,1027.6423459040445
95.08333333333333,1027.1283875379775,1027.6440585952762
95.16666666666667,1027.1451583218306,1027.6407693135586
95.25,1027.1510713915843,1027.6410976090585
95.33333333333333,1027.1428805009657,1027.642655966396
95.41666666666667,1027.1569425558275,1027.642252474294
95.5,1027.1670499382394,1027.6360724245706
95.58333333333333,1027.1825086829633,1027.6352626352839
95.66666666666667,1027.1946287555897,1027.6497363217113
95.75,1027.2078434723123,1027.6450227928444
95.83333333333333,1027.2019468318808,1027.6444701401501
95.91666666666667,1027.1984102268111,1027.642117961691
96.0,1027.183033297994,1027.646532105964
96.08333333333333,1027.1724986830295,1027.6469093553264
96.16666666666667,1027.1616610228173,1027.6513572268645
96.25,1027.1522560211313,1027.6476465926517
96.33333333333333,1027.142440304174,1027.6486094035622
96.41666666666667,1027.1514067125013,1027.6471098803418
96.5,1027.16670940264,1027.6396512347733
96.58333333333333,1027.1729766929152,1027.6430797989735
96.66666666666667,1027.1872397256716,1027.6431690014972
96.75,1027.2039218454288,1027.6395222724414
96.83333333333333,1027.2064921055312,1027.6447478706139
96.91666666666667,1027.1971614038303,1027.6455280320627
97.0,1027.1692194686104,1027.6520217965788
97.08333333333333,1027.1342101931127,1027.6536948319485
97.16666666666667,1027.123000292101,1027.6579443306368
97.25,1027.1462044888103,1027.6577924089045
97.33333333333333,1027.1573723624874,1027.6579512622473
97.41666666666667,1027.174121275251,1027.6518658452937
97.5,1027.187179506774,1027.6478649249993
97.58333333333333,1027.200735364102,1027.6515939700287
97.66666666666667,1027.2055612382778,1027.6608494526138
97.75,1027.2224507046512,1027.652498300059
97.83333333333333,1027.226440660053,1027.6528104690067
97.91666666666667,1027.211978853169,1027.658278310565
98.0,1027.1960180501394,1027.655433743935
98.08333333333333,1027.1633301392467,1027.6568752140613
98.16666666666667,1027.1269318267812,1027.6576907330725
98.25,1027.122564505161,1027.6627902184425
98.33333333333333,1027.1439450488144,1027.6635262325779
98.41666666666667,1027.181338718057,1027.659525228002
98.5,1027.2074997456666,1027.6540906601597
98.58333333333333,1027.2262944815934,1027.6495190239082
98.66666666666667,1027.2359717487934,1027.6483116571421
98.75,1027.2482851464154,1027.6536680662837
98.83333333333333,1027.2609271827866,1027.6516943617507
98.91666666666667,1027.2509534840633,1027.6563966305575
99.0,1027.2156486047431,1027.6626807782884
99.08333333333333,1027.1960076279288,1027.6607027627156
99.16666666666667,1027.1934556504584,1027.660717023113
99.25,1027.2089236635227,1027.6592392539806
99.33333333333333,1027.2318420826164,1027.6567332002994
99.41666666666667,1027.2419196690632,1027.6562420295966
99.5,1027.2494637993377,1027.6460678478823
99.58333333333333,1027.276098898515,1027.646641577874
99.66666666666667,1027.2904211899513,1027.651595445992
99.75,1027.3075034589071,1027.6492186430476
99.83333333333333,1027.313219075188,1027.6513237041238
99.91666666666667,1027.300311125115,1027.6528710675598
